116 57 117
  1   2  64
  3  12 236
  5   8  32
  6   7  16
  9  10  28
 10  11  32
 16  17  12
 17  21  39
 18  21  80
 20  22  60
 25  31  64
 25  32  36
 30  36  80
 31  32  44
 31  36  44
 39  46 124
 41  42  72
 41  84 224
 46  49  60
 47  48  72
 47  85  84
 49  88 100
 50  51  52
 51  52  32
 51  59  52
 52  53  32
 52  60  52
 53  54  52
 53  61  52
 54  62  36
 55  62  36
 56  63  52
 57  66 100
 57  84 112
 58  63 164
 60  61  32
 61  62  52
 63  65  52
 66  72  44
 71  72  32
 76  77  60
 78  81  60
 80  81  48
 83  94 272
 84  85  96
 86  89  36
 87  88  56
 89  90  36
 91 100 100
 93  94  88
 96  98  48
 97  98  12
100 103 168
103 105  52
108 110 230
110 112  88
112 116  88
  2   3  60
  3  10 128
  4   5  64
  4   7  44
  5   6  16
  6   9  32
  7  10  32
  8   9  18
  8  13  37
  9  14  40
 10  15  28
 10  16  36
 11  17  36
 11  18  69
 12  13 112
 12  30 320
 13  14  24
 14  15  20
 15  16  24
 15  19  40
 16  20  40
 17  18  40
 19  20  32
 19  25 208
 20  21  24
 22  23  24
 22  27  60
 24  27 148
 24  28  50
 25  26  76
 26  29  16
 27  29  84
 27  34  44
 28  39 144
 29  33  36
 30  40 104
 32  33  48
 33  34  84
 34  37  84
 35  39  96
 36  37 140
 36  41  76
 37  38  80
 37  44  80
 38  39  28
 38  45 112
 38  46 104
 40  41  64
 40  56 212
 42  43  48
 42  47  96
 43  44  40
 44  48 100
 44  49 100
 45  46  32
 48  49  60
 48  87  88
 50  56 220
 50  58  96
 54  55  32
 55  63  40
 56  57  64
 59  60  32
 63  64  28
 65  66  32
 65  71  44
 67  68 100
 67  97 144
 67 102  60
 68 107  38
 69  94 108
 69 106 180
 70  71  40
 70  75  80
 70  80  80
 71  76  36
 72  73  36
 73  77  44
 74  75 124
 75  79  40
 76  81  52
 79  80  48
 79  82 132
 81  82  44
 82  83  96
 83 106 388
 84  93 108
 84  94 128
 85  86  40
 85  93  84
 86  87  32
 87  90  48
 88  91  52
 88  92 124
 89  96  40
 90  91  52
 90 100 100
 91  92  36
 93  95  44
 95  96  24
 95  97  44
 96  99  56
 98  99  24
 99 100  44
100 101  56
102 103  40
102 104  40
104 105  44
105 108 100
106 107  64
107 108  50
108 109  60
110 111  24
112 113  48
112 114  60
114 115  40
115 116  28