298 206 391
1   2     22
3   4     39
3   5     35
6   7     19
6   8     34
9  10     17
11  12     50
13  14     77
15  16     33
17  18     20
19  20     30
21  22     18
21  23     42
24  25     23
24  26     60
27  28     33
27  29     35
30  31     15
30  32      7
33  34     23
35  36     15
37  38     66
39  40     50
41  42     35
43  44     54
45  46     50
47  48     22
49  50     53
51  52     52
53  54     11
55  56     15
55  57     27
58  59     66
60  61     38
62  63     36
8  64      9
65  66     37
65  67     47
68  69     27
70  71     24
70  72     30
73  74     23
75  76     28
75  77     51
78  79     19
78  80     40
81  82     34
81  83     33
84  85      6
86  87     53
86  88     60
89  90     21
91  92     63
93  94     20
93  95     40
96  97     26
98  99     60
98 100     43
101 102     52
103 104     22
105 106     44
107 108     39
107 109     55
25 110     64
111 112     26
113 114     13
115 116     66
117 118     17
119 120     53
119 121     38
122 123     24
76  77     30
94  95     24
94 124      4
125 126     19
18  50     39
127 128     18
50 129     63
130 131     24
132 133     17
128 134     54
128 135     52
2 136     57
137 138     40
139 140     28
141 142     24
143 144     24
145 146     39
145 147     52
145 148     24
149 150     52
151 152     40
74 153     18
121 154     49
155 156     18
157 158     37
157 159     58
160 161     34
63 162     39
162 163     51
162 164     55
165 166     45
165 167     53
83 168     43
169 170     26
116 171     24
172 173     44
108 174     27
175 176     41
177 178     22
179 180     39
66 181     62
181 182     52
183 184     21
185 186     37
187 188     11
187 189     30
66  67     60
118 190     42
190 191     19
192 193      7
194 195     67
176 196     33
197 198     42
136 199     38
44 200     32
201 202     22
203 204     49
205 206     34
207 208     14
207 209     22
210 211     11
212 213      4
212 214     27
215 216     36
215 217     24
218 219     48
220 221     45
222 223     13
71 224     36
34 225     53
184 226     47
188 227     40
227 228     37
131 229     29
230 231     13
230 232     20
230 233     44
12 234      9
235 236     31
217 237     65
238 239     47
216 217     56
136 240     11
82 241     35
242 243     61
8 225     57
244 245     45
22 246     28
22  23     28
109 247     21
12 248     40
249 250     44
206 251     49
245 252     61
189 253     51
79 236     47
254 255     34
256 257     32
256 258     33
166 167     71
193 259     33
260 261     27
144 262     57
184 263     23
193 264     21
265 266     48
267 268     15
221 269     35
142 270     21
54 180     19
171 271     35
272 273     34
274 275     54
104 276     42
159 270     28
126 277     30
102 278     37
106 279     10
280 281     46
282 283     24
104 284     32
195 258     46
10 285     38
213 214     30
286 287     69
232 288     52
72 289     24
290 291     27
283 292     32
293 294     57
223 295     17
138 296     37
291 297     35
206 298     40
138 271     48
1  28     59
1  93     45
1 199     50
2 199     53
3 195     51
4   5     72
4 263     58
5 195     53
5 266     50
6  64     27
7   8     44
7  64     40
8  33    115
8  34    101
9  63     67
9 197     22
9 285     24
10 197     12
10 198     46
11 234     43
11 248     38
12  38     75
13  87    109
13 173     45
14 119     53
14 121     38
14 154     31
15 244     30
15 245     35
16 212     40
16 213     38
17  50     34
17  60     75
17 122     42
17 168    211
17 241    215
18  60     89
18 168    225
18 241    229
19  29     38
19  51     65
20  29     25
20 199     81
21 238     42
21 246     13
23 246     45
24 107     97
24 110     66
25 107     93
25 141    167
25 142    183
26 132     81
26 181     97
26 251    234
26 298    185
27 199    107
28  94     65
28 124     67
29 199     88
30 139     27
30 140     19
31  32     20
31 139     24
32 140     22
33 185     64
35  41     89
35  42     66
35 201     32
35 202     13
36 202     26
37 115     37
38 115     41
38 216     79
38 234     81
39  72     65
39  77    122
39 224     88
39 289     82
40  77     82
41 151     70
41 152     93
41 201     60
41 202     80
42 201     36
42 202     57
43 272     34
43 273      8
44 273     50
45 238    127
45 239    173
45 240     76
45 272    165
46 203     21
47 101    110
47 149     41
47 212    106
47 214     85
48 130     40
49 122     65
49 123     64
51  58    124
51  59     83
52  58    102
52  59     99
53 150     43
53 179     28
53 180     25
53 289     40
54 179     22
54 289     46
55 208     14
55 209     15
56  57     25
56 209     23
57 200     47
57 209     16
58 254     87
59 177     96
59 178    113
59 254     50
60  97    261
60 168    196
60 211    255
60 231     39
60 241    200
61 230     16
61 231     18
61 232      8
62 113     78
62 114     77
62 285     30
63 285     44
64 225     54
65 205     74
65 244     38
66  74    304
66 134    409
66 135    420
66 152    417
66 153    320
66 251    180
66 294    394
66 298    131
67 182     85
67 252     37
67 257     61
67 258    106
68 136     48
68 240     50
69 177     45
69 178     47
70 224     21
71 179     41
72 224     25
73 134    103
73 135    166
73 152    111
73 153     30
73 293    219
73 294    201
74 134    118
74 135    181
74 152    126
74 251    248
74 293    213
74 294    195
74 298    285
76  80     45
78 235     39
79  80     33
79 235     36
81 111    116
81 112     97
81 241     64
81 288    111
82 111     93
82 112     74
82 288     88
84  97    172
84 243     30
84 253    142
85  97    171
85 243     25
85 253    141
87  92    265
87 294    298
88  92    299
88 222     73
88 294    332
88 295     67
89 157    102
89 158     75
89 159     61
89 270     78
90 265     38
91 293     68
91 294    105
92 294     51
93 124     23
95 124     21
95 196     48
96 210     31
96 211     31
96 223     39
97 123    164
97 168    237
97 210     45
97 211     38
97 241    241
97 253     46
98 186     53
99 100     19
99 186     19
99 229     66
100 186     13
101 212    110
101 214     89
101 297     40
102 267     53
102 268     52
102 297     33
103 276     21
103 284     31
104 151     94
104 220     82
104 221    108
105 126    145
105 163    204
105 279     49
106 126    148
106 163    207
107 165     97
107 167    126
107 190     83
107 191     95
108 109     27
108 247     26
110 181     63
111 288     28
112 288     36
113 277     41
114 277     38
115 171     72
116 137     23
116 172     57
117 174     27
118 191     49
119 138    112
119 154     74
120 138     67
120 173     50
123 168    203
123 211    158
123 241    207
125 163     75
125 277     35
126 163     80
126 279    144
127 175     30
127 176     35
128 175     45
129 156    142
129 218    129
129 219    151
130 192    138
130 193    140
130 229     42
131 192    121
131 193    123
132 153     97
133 153     81
134 135     70
134 152     64
134 251    353
134 298    390
135 152    127
135 181    467
135 293    142
135 294    115
135 298    401
137 171     19
137 172     55
138 171     45
139 226     75
141 159     45
141 270     30
142 159     48
143 262     43
143 281    122
146 148     36
146 283     57
146 292     27
147 250     14
148 200     52
150 179     66
150 275     43
150 289     68
151 221    159
152 251    361
152 298    398
153 251    264
153 298    301
155 218     28
155 228     62
155 274     29
156 218     14
156 274     26
158 159     42
158 270     67
161 269    203
161 279    281
163 279    203
164 198     30
165 190     78
165 191     90
166 170     52
167 190    107
167 191    119
168 211    231
168 241     76
169 198    179
169 280     32
169 281     76
170 280     43
170 281     82
171 296     52
172 237     19
173 237     50
174 247      3
175 196     48
177 255     72
178 255     89
179 289     48
180 219     45
181 251    227
181 294    441
181 298    178
182 256     35
182 257     28
183 226     62
183 263     41
187 228     50
188 189     32
188 228     43
192 259     36
192 264     17
194 256     53
194 258     37
196 204     49
197 285     35
200 207     68
200 249     64
203 261     88
204 261     77
205 298     25
207 249     52
208 209     12
211 241    235
220 269     19
220 284     80
222 295      7
226 263     54
228 274     73
231 233     52
234 248     32
238 240    121
238 246     30
238 272     88
239 240    167
239 246     66
239 272     92
240 272    159
242 286     33
242 287     39
244 252     58
245 259     39
251 286     57
257 258     53
259 264     29
260 282     32
260 283     50
261 282     53
262 281     89
267 278     36
268 278     42
269 279    363
271 296     26
275 278     53
276 284     34
287 293     67
290 297     46