318 222 408
  1   2       5       12
  3   4      39       43
  5   6      22       25
  5   7      38       39
  8   9       6       11
 10  11      39       32
 10  12      66       68
 13  14      55       61
 15  16      57       61
 15  17      40       34
 18  19      51       52
 18  20      33       39
 21  22      69       73
 23  24      44       45
 25  26      46       44
 27  28      46       46
 29  30      44       47
 31  32      39       46
 33  34      56       53
 35  36      25       23
 37  38      52       54
 39  40      28       27
 39  41      66       71
 42  43      43       39
 42  44      54       55
 45  46      42       48
 47  48      41       36
 49  50      27       24
 51  52      67       69
 53  54      47       49
  4  55      45       43
 56  57      33       25
 58  59      31       33
 60  61      51       55
 62  63      51       61
 64  65      36       35
 66  67      34       30
 68  69      33       29
 57  68      77       73
 68  70      18       14
 71  72      11       12
 73  74      53       44
 75  76      34       31
 77  78      45       52
 79  80      51       50
 34  81      33       45
 82  83      54       54
 84  85      26       27
 86  87      54       58
 88  89      56       64
 90  91      61       61
 92  93      30       28
  9  94      43       39
 95  96      49       49
 95  97      37       37
 93  98      30       21
 99 100      24       28
101 102      42       35
103 104      49       51
105 106      35       33
105 107      22       17
105 108      38       41
109 110      16       17
109 111      59       60
112 113      63       67
114 115      13       12
116 117      22       23
116 118      23       24
 28 119      29       27
119 120      39       32
121 122      38       38
102 123      57       62
124 125      49       48
126 127      36       26
126 128      16       14
129 130      33       28
131 132      34       42
133 134      62       62
 52 135      26       27
136 137      42       35
102 138      84       82
139 140      11       12
141 142      16        7
141 143      17       18
144 145      57       45
146 147      47       45
146 148      36       28
149 150      45       37
151 152      23       23
137 153      51       50
 83 154      47       49
 28 155      27       27
156 157      15        6
122 158      28       27
132 158       8       18
159 160      35       31
159 161      32       39
162 163      52       53
160 162      41       45
164 165      19       26
164 166      34       40
147 167      42       38
168 169      19       23
170 171      49       43
172 173      36       45
115 173      43       35
150 174      34       40
174 175      36       41
174 176      44       36
167 177      25       28
 22 178      64       70
179 180      71       70
181 182      45       55
183 184      47       38
183 185      28       27
183 186      28       24
154 187      55       55
188 189      59       58
190 191      28       30
192 193      23       18
192 194      50       49
 74 195      32       33
196 197      19       25
182 198      52       49
182 199       7       11
200 201      36       46
180 202      31       28
180 203      38       29
180 204      49       52
205 206      22       16
142 143      31       33
118 142      23       19
207 208      53       56
209 210      49       53
209 211      26       23
 61 212      34       30
 32 213      14       15
214 215       9        8
214 216      33       42
217 218      57       59
217 219      12       16
220 221      72       67
 57 222      34       33
223 224      20       15
108 225      43       33
226 227      37       39
228 229      33       31
230 231      38       44
 12 232      66       69
232 233      61       60
111 234      17       25
235 236      26       26
 74 237      32       26
  6 238      17       14
239 240      43       40
239 241      21       27
165 242      43       38
 89 243      58       49
 89 244      37       39
100 245      31       36
 19 246       8        4
247 248      46       49
247 249      77       77
250 251      35       30
252 253      51       42
166 254      32       34
255 256      53       59
257 258      28       40
201 259      46       47
260 261      47       56
262 263      59       58
262 264      23       25
187 202      47       47
 80 194      38       40
 87 265      48       40
266 267      49       40
268 269      67       55
270 271      48       46
272 273      27       32
186 274      17       11
 65 275      36       41
276 277      34       33
256 278      31       32
279 280      65       62
253 281      22       27
233 282      22       22
 78 280      61       70
194 283      45       46
186 284      46       46
285 286      54       57
287 288      16       11
267 289      41       31
290 291      37       39
290 292      22       29
286 293       8       11
294 295      32       31
 30 296      15       13
178 297      40       41
298 299      46       42
298 300      41       43
301 302      35       32
303 304      36       34
256 305      57       59
113 306      69       66
108 307      26       15
 48 308      43       52
309 310      40       35
  7 244      22       21
  7 311      18       27
  9 312      16       23
304 313      25       28
  2 193      38       36
193 314      39       33
  2 314      20       21
 85 249      75       76
130 216      16       18
132 315      11       14
299 300      58       59
185 186      31       30
169 316      31       31
152 317      49       49
169 318      35       35

  1 193      38       37
  1 314       8        7
  4 273      29       35
  5 238      24       23
  6 243      41       47
  8 191      16       18
  8 312      19       23
  9 191      16       27
 10 232      19       22
 10 233      45       53
 11 233      47       43
 12 243      61       68
 13 260      59       68
 13 263      23       21
 14 260      38       41
 14 263      71       75
 15  84      18       17
 15  85      45       56
 16  84      45       54
 16 250      48       38
 17  84      37       44
 17  85      56       61
 17 249      89       99
 18  40      42       38
 18 110      88       89
 19  20      63       65
 19  39      41       38
 20  39      19       17
 20  40      12        3
 20 246      50       54
 21  31     182      184
 21  37      34       36
 21  38      56       54
 21 150     183      182
 21 174     212      204
 22  31     179      183
 22 150     169      166
 22 174     200      193
 22 221     167      170
 23 129      24       30
 23 130      27       31
 23 236      41       49
 23 299      90       87
 23 300      82       80
 24 130      34       40
 25 133     160      160
 25 134     106      105
 25 136      15       14
 25 137      13       11
 26 136      27       38
 26 145      38       34
 26 255      64       70
 26 305      18       27
 27  58      64       67
 27 103     235      226
 27 155      42       40
 27 157     213      214
 27 161     273      276
 28 120      66       64
 29  51     211      219
 29  90     146      142
 29 134      99       88
 29 135     146      143
 29 144     108      111
 29 226     132      136
 29 227     127      133
 30 134      57       57
 31  38     204      200
 31 150      54       57
 31 175      36       32
 31 213      50       55
 31 221     177      176
 33  81      25       17
 33 200      53       52
 34 167      46       51
 34 177      43       53
 35  82     110      108
 35 250      69       66
 35 251      94       89
 36 301      48       38
 36 302      66       54
 38 150     195      195
 38 174     224      224
 38 221      94      102
 39 246      36       32
 40 110      94       96
 41 229      72       70
 42  60     105      109
 42  88     113      120
 42 212     114      106
 42 252      49       56
 43  44      47       43
 43 311     177      176
 44 252      60       65
 45 287      28       27
 46 284      43       35
 47 166      68       76
 47 188     135      136
 47 254      85       84
 47 308      32       31
 48 112      26       22
 48 146      42       37
 49 131     116      116
 49 294      12       12
 49 307     131      132
 50 131     131      135
 50 179     300      299
 50 204     276      275
 50 213     132      131
 50 264     259      259
 50 297     144      134
 50 307     150      155
 51  90     158      153
 51 227      83       86
 52 268      63       70
 53 211      65       57
 54 122      76       68
 55 200      56       52
 55 273      40       37
 56 222      12       11
 57  69      69       68
 58 103     216      220
 58 143      43       46
 58 157     204      194
 58 161     262      256
 59 141      30       24
 59 143      15       19
 60  88     126      133
 60 212      33       41
 61 288      55       52
 62 165      97       98
 62 166      78       87
 62 306      41       44
 63 185     138      134
 63 306      42       36
 64 114      34       31
 64 115      36       33
 64 139     153      148
 64 140     140      137
 64 275      32       23
 65 173      15       19
 65 237     138      134
 65 271     139      141
 66 178     100       97
 66 266      25       30
 66 289      47       39
 66 297      99       97
 67 266      10        5
 67 289      27       16
 69  70      38       43
 69  94      53       59
 70 250     133      131
 70 251     102      107
 71 111      36       43
 71 197      47       52
 71 234      51       53
 72 111      49       55
 72 197      42       46
 72 217      39       44
 72 234      69       70
 73  80      44       53
 73 195      45       38
 74 123     112      104
 74 270     107      103
 75  87      96      104
 75 220      26       22
 75 265      79       84
 76 220      46       39
 76 231      44       40
 77 112      88       94
 77 113      90       89
 77 285      19       25
 77 286      53       43
 78 285      44       36
 79 193      37       29
 79 194      15       20
 79 283      35       42
 80 283      72       76
 81 168      52       51
 82  85      91       99
 82 247      54       60
 82 248      23       26
 82 250     111      112
 82 251     146      137
 83 248      36       37
 85 247      48       49
 85 248      84       84
 86 149      94       88
 86 174      75       72
 86 175      88       92
 86 176     106      105
 86 179     154      156
 86 303     178      174
 86 304     175      178
 87 179     143      152
 87 291      42       45
 87 303     160      167
 87 304     169      176
 88 212     128      133
 89 238      25       25
 90 144     170      181
 90 227      77       84
 91 228      50       40
 91 229      53       59
 92  98      36       31
 92 309      23       24
 93 309      11        7
 93 310      45       40
 94 208      51       55
 94 312      50       58
 95 187      83       91
 96  97      29       30
 96 187      81       84
 97 187      97       86
 98 181     117      112
 99 143      66       71
 99 245      25       15
100 142      37       41
101 123      32       27
101 162      18       19
102 162      36       33
103 156      15       15
103 157      22       24
103 161     181      169
104 215      51       51
105 225      22       25
105 269      63       60
106 107      36       32
107 108      22       25
107 307      45       43
109 234      42       37
111 133      84       77
112 146      42       50
112 147      54       46
114 172      12       16
115 172       3       11
116 142      40       41
117 118      50       45
117 124      61       65
117 205      74       71
117 290     118      122
117 291     118      123
118 124      56       60
118 141      28       29
120 155      78       71
120 207      93       94
121 132      37       37
121 315      22       25
122 315      17       24
123 195     107      102
123 237      96       98
123 270      35       25
125 214      62       53
125 215      63       63
125 216      90       88
126 218      70       71
126 219      64       55
127 128      22       23
127 196      80       75
127 316      24       25
128 316      42       42
129 236      39       42
131 261     208      201
131 276      25       28
131 294     105      103
131 307     107      105
131 317     201      201
133 136     158      147
133 137     171      173
133 153     128      121
134 136     109      111
134 153     161      167
134 296      75       63
135 144      76       64
135 226      46       42
135 268      62       65
138 172     140      144
139 275     118      121
140 237     275      263
140 271     261      270
140 275     111      110
143 245      88       82
144 226      62       58
144 278      48       54
145 305      40       34
146 308      49       50
148 308      79       85
149 174      20       25
149 176      11       12
150 221     172      173
151 257      45       39
151 258      65       65
152 294     122      118
152 295      94       99
154 202      54       55
154 203      47       36
155 207      40       36
157 161     162      158
158 315       9       12
159 163      19       27
160 163      15       17
164 254      21       26
165 254      44       39
167 286      60       55
167 293      55       58
168 316      33       34
168 318      16       12
169 239     107      114
169 241     104      111
170 183       4        8
170 184      42       44
170 185      32       35
170 186      31       41
170 280      37       44
171 279      39       46
171 280      25       18
173 237     134      140
173 271     128      133
174 221     201      190
177 286      44       44
177 293      56       48
179 213     220      227
179 257     123      129
179 264     134      144
179 291     157      145
179 297     330      330
179 303     126      131
179 304     136      132
184 186      39       38
185 274      37       31
188 254      84       83
190 313      22       23
191 312      21       18
193 194      35       42
195 270      93      100
196 318     100       98
198 199      47       51
198 210      56       53
199 310      44       53
200 299     140      139
201 223      33       30
201 299      99       98
202 203      40       39
204 213     195      201
204 262      20       31
204 264      26       31
204 297     301      296
205 290      66       71
205 292      55       47
206 290      52       52
206 292      36       37
208 222      74       65
208 245      36       45
210 211      55       49
213 257     162      171
213 264     176      182
213 297     112      115
218 219      48       48
220 230      35       39
221 230      59       60
223 259      70       69
223 299     110      118
224 231      37       39
224 298      63       64
225 269      73       76
225 307      49       56
230 272      12       10
231 272      33       41
231 298      60       58
235 299      59       50
237 270      90       94
237 271      57       63
238 243      41       40
239 316      84       94
240 241      52       50
241 316      80       88
244 311      29       31
252 279      61       72
252 281      32       30
253 287      24       25
253 288      20       18
255 267      35       35
257 264      33       28
257 297     271      260
258 262      27       23
258 263      61       54
258 264      17       22
259 299     111      118
261 276     181      183
261 277     197      199
261 295     118      115
261 317      25       31
264 297     281      276
265 290      35       33
265 292      29       21
266 289      16        9
268 278      60       56
274 284      28       29
276 317     186      182
277 317     197      196
278 305      45       38
281 288      35       23
291 303     170      173
291 304     178      171
294 307     124      122
295 317     113      115
302 303      48       44
316 318      15       17
