60 100 431
20 49 1  1
22 36 1  1
22 41 1  1
28 33 1  1
28 57 1  1
6 22 2  2
13 50 2  2
17 37 2  2
20 32 2  2
27 53 2  2
46 55 2  2
1 24 3  3
6 59 3  3
13 29 3  3
27 29 3  3
40 41 3  3
44 47 3  3
1 32 4  4
1 33 4  4
4 49 4  4
16 39 4  4
19 39 4  4
21 58 4  4
28 30 4  4
11 17 5  5
6 20 6  6
3 8 7  7
19 46 7  7
40 58 7  7
43 47 8  8
13 22 9  9
14 56 9  9
16 42 9  9
23 58 9  9
3 24 10 10
15 51 10 10
17 35 10 10
19 51 10 10
50 57 10 10
13 35 11 11
20 22 11 11
21 25 11 11
21 53 11 11
38 57 11 11
8 27 12 12
12 52 12 12
2 55 13 13
3 40 13 13
11 37 13 13
13 51 13 13
13 21 14 14
17 44 14 14
23 38 14 14
34 47 14 14
13 26 15 15
24 48 15 15
26 54 15 15
51 59 15 15
14 22 16 16
20 38 16 16
23 44 16 16
47 57 16 16
10 27 17 17
15 25 17 17
36 47 17 17
50 58 17 17
1 31 18 18
10 35 18 18
15 41 18 18
19 43 18 18
41 60 18 18
5 21 19 19
13 32 20 20
18 51 20 20
14 26 21 21
20 60 21 21
23 49 21 21
38 55 22 22
2 53 23 23
4 46 23 23
9 32 23 23
6 50 25 25
7 51 25 25
26 38 25 25
37 60 25 25
18 25 26 26
22 25 26 26
41 44 26 26
8 24 27 27
10 29 28 28
12 24 28 28
25 30 28 28
46 54 28 28
5 12 29 29
23 59 29 29
25 27 29 29
16 18 30 30
17 60 30 30
23 30 30 30
44 45 30 30
3 46 1  1
9 20 1  1
12 30 1  1
13 20 1  1
18 35 1  1
28 46 1  1
30 58 1  1
31 32 1  1
36 49 1  1
36 53 1  1
43 53 1  1
2 14 2  2
5 42 2  2
6 57 2  2
11 44 2  2
19 41 2  2
23 47 2  2
26 30 2  2
32 42 2  2
34 58 2  2
36 42 2  2
46 58 2  2
3 10 3  3
3 20 3  3
6 51 3  3
7 16 3  3
10 22 3  3
11 12 3  3
11 20 3  3
16 33 3  3
20 44 3  3
25 31 3  3
28 47 3  3
30 51 3  3
38 60 3  3
45 59 3  3
5 56 4  4
6 40 4  4
7 42 4  4
10 12 4  4
10 48 4  4
11 34 4  4
14 35 4  4
20 37 4  4
29 58 4  4
31 56 4  4
35 38 4  4
38 52 4  4
45 54 4  4
46 56 4  4
55 56 4  4
2 26 5  5
5 55 5  5
6 7 5  5
6 33 5  5
8 22 5  5
11 30 5  5
11 58 5  5
13 59 5  5
13 60 5  5
15 60 5  5
25 40 5  5
28 29 5  5
30 52 5  5
33 47 5  5
45 50 5  5
50 56 5  5
4 53 6  6
5 11 6  6
5 34 6  6
5 45 6  6
6 15 6  6
6 24 6  6
9 26 6  6
9 46 6  6
12 22 6  6
30 33 6  6
30 60 6  6
34 49 6  6
36 45 6  6
40 51 6  6
50 54 6  6
1 8 7  7
4 34 7  7
4 40 7  7
10 28 7  7
15 29 7  7
17 45 7  7
19 22 7  7
24 34 7  7
33 39 7  7
33 44 7  7
33 55 7  7
33 60 7  7
39 43 7  7
39 46 7  7
43 56 7  7
1 10 8  8
3 60 8  8
5 37 8  8
6 23 8  8
7 11 8  8
13 38 8  8
14 42 8  8
16 34 8  8
22 51 8  8
22 53 8  8
24 30 8  8
28 54 8  8
35 60 8  8
44 48 8  8
52 58 8  8
4 18 9  9
6 19 9  9
6 54 9  9
8 42 9  9
9 45 9  9
14 27 9  9
16 32 9  9
16 41 9  9
16 44 9  9
17 36 9  9
17 50 9  9
35 46 9  9
42 44 9  9
42 51 9  9
1 19 10 10
2 50 10 10
3 12 10 10
5 31 10 10
10 58 10 10
12 59 10 10
20 23 10 10
21 27 10 10
23 50 10 10
31 35 10 10
42 49 10 10
43 58 10 10
48 51 10 10
57 59 10 10
7 30 11 11
9 22 11 11
10 33 11 11
16 54 11 11
26 51 11 11
28 52 11 11
39 40 11 11
40 54 11 11
43 48 11 11
2 3 12 12
4 24 12 12
4 44 12 12
5 38 12 12
5 44 12 12
6 39 12 12
8 10 12 12
16 31 12 12
19 54 12 12
20 39 12 12
24 53 12 12
29 45 12 12
39 44 12 12
46 47 12 12
2 37 13 13
2 44 13 13
5 53 13 13
7 26 13 13
7 55 13 13
8 36 13 13
13 43 13 13
17 56 13 13
18 56 13 13
22 40 13 13
27 45 13 13
34 39 13 13
35 36 13 13
45 47 13 13
1 9 14 14
3 39 14 14
6 21 14 14
8 31 14 14
9 23 14 14
21 52 14 14
25 32 14 14
33 58 14 14
35 48 14 14
37 43 14 14
48 53 14 14
1 44 15 15
1 52 15 15
2 18 15 15
4 23 15 15
11 14 15 15
13 49 15 15
21 56 15 15
22 57 15 15
30 45 15 15
34 37 15 15
36 40 15 15
39 45 15 15
52 53 15 15
1 2 16 16
3 29 16 16
6 12 16 16
8 21 16 16
9 14 16 16
14 31 16 16
16 27 16 16
18 42 16 16
18 52 16 16
19 20 16 16
19 31 16 16
21 44 16 16
37 56 16 16
42 56 16 16
6 52 17 17
7 58 17 17
8 50 17 17
11 13 17 17
11 42 17 17
12 55 17 17
14 21 17 17
14 25 17 17
15 47 17 17
15 54 17 17
17 31 17 17
20 41 17 17
22 26 17 17
23 31 17 17
28 39 17 17
31 40 17 17
33 34 17 17
33 37 17 17
33 49 17 17
34 53 17 17
43 45 17 17
56 57 17 17
2 51 18 18
3 37 18 18
4 28 18 18
8 52 18 18
12 41 18 18
20 47 18 18
38 43 18 18
39 56 18 18
49 50 18 18
3 25 19 19
5 58 19 19
6 14 19 19
6 37 19 19
9 12 19 19
12 25 19 19
14 48 19 19
15 49 19 19
20 43 19 19
27 50 19 19
41 52 19 19
48 58 19 19
48 59 19 19
3 17 20 20
3 19 20 20
4 29 20 20
6 11 20 20
7 23 20 20
9 19 20 20
10 31 20 20
11 46 20 20
12 15 20 20
12 45 20 20
13 27 20 20
14 46 20 20
17 30 20 20
23 24 20 20
23 51 20 20
34 51 20 20
46 49 20 20
49 53 20 20
1 20 21 21
2 47 21 21
3 51 21 21
5 19 21 21
8 40 21 21
9 56 21 21
10 41 21 21
16 38 21 21
16 46 21 21
16 57 21 21
17 57 21 21
19 23 21 21
19 40 21 21
25 47 21 21
26 28 21 21
27 43 21 21
28 43 21 21
28 45 21 21
29 41 21 21
31 46 21 21
33 52 21 21
40 47 21 21
49 56 21 21
2 34 22 22
3 42 22 22
4 48 22 22
5 51 22 22
15 58 22 22
16 23 22 22
20 51 22 22
21 37 22 22
24 32 22 22
37 51 22 22
6 36 23 23
7 35 23 23
8 56 23 23
10 49 23 23
12 42 23 23
13 40 23 23
17 24 23 23
17 54 23 23
19 35 23 23
26 39 23 23
27 33 23 23
27 60 23 23
31 44 23 23
33 41 23 23
33 56 23 23
43 50 23 23
44 56 23 23
47 51 23 23
48 50 23 23
3 15 24 24
3 16 24 24
3 27 24 24
10 13 24 24
10 23 24 24
18 23 24 24
19 59 24 24
22 59 24 24
24 42 24 24
25 35 24 24
29 48 24 24
32 46 24 24
33 45 24 24
34 48 24 24
44 57 24 24
55 60 24 24
8 25 25 25
11 38 25 25
12 40 25 25
14 43 25 25
14 45 25 25
17 43 25 25
20 50 25 25
29 51 25 25
32 47 25 25
35 47 25 25
38 45 25 25
47 59 25 25
51 57 25 25
54 56 25 25
1 23 26 26
2 24 26 26
2 59 26 26
5 6 26 26
6 31 26 26
7 49 26 26
10 54 26 26
11 31 26 26
13 44 26 26
18 22 26 26
19 37 26 26
21 24 26 26
28 53 26 26
28 58 26 26
37 49 26 26
38 41 26 26
38 58 26 26
40 46 26 26
2 11 27 27
3 59 27 27
5 28 27 27
5 54 27 27
6 53 27 27
9 17 27 27
12 56 27 27
20 28 27 27
29 30 27 27
44 50 27 27
3 33 28 28
11 43 28 28
17 20 28 28
18 55 28 28
29 40 28 28
31 37 28 28
32 54 28 28
38 53 28 28
2 54 29 29
2 56 29 29
8 15 29 29
10 20 29 29
11 18 29 29
15 27 29 29
15 34 29 29
18 40 29 29
22 33 29 29
23 34 29 29
25 51 29 29
30 32 29 29
30 49 29 29
36 38 29 29
38 56 29 29
51 54 29 29
4 30 30 30
6 10 30 30
6 17 30 30
7 17 30 30
13 23 30 30
15 16 30 30
17 22 30 30
18 32 30 30
18 34 30 30
19 50 30 30
21 22 30 30
21 35 30 30
23 35 30 30
23 48 30 30
28 42 30 30
28 50 30 30
29 53 30 30
36 39 30 30
42 47 30 30
47 48 30 30