40 40 194
7 32 1  1
15 23 2  2
18 20 2  2
21 23 2  2
29 37 3  3
10 33 4  4
5 35 6  6
4 17 9  9
19 23 9  9
31 36 9  9
8 36 10 10
11 32 11 11
13 38 12 12
29 39 12 12
35 37 14 14
2 8 15 15
11 26 15 15
6 24 16 16
7 22 16 16
13 19 16 16
4 24 17 17
6 22 18 18
12 32 18 18
16 30 18 18
8 32 19 19
9 40 19 19
9 31 20 20
26 35 20 20
34 36 20 20
4 12 21 21
1 30 23 23
8 38 23 23
38 40 23 23
1 36 27 27
8 30 27 27
4 13 28 28
12 19 28 28
4 11 30 30
7 38 30 30
8 31 30 30
1 21 1  1
2 10 1  1
9 32 1  1
10 15 1  1
15 37 1  1
16 33 1  1
21 33 1  1
22 30 1  1
35 40 1  1
12 27 2  2
14 31 2  2
2 6 3  3
5 15 3  3
7 17 3  3
9 14 3  3
18 31 3  3
18 36 3  3
19 29 3  3
19 36 3  3
23 29 3  3
1 40 4  4
3 9 4  4
14 19 4  4
19 38 4  4
20 29 4  4
21 37 4  4
31 39 4  4
1 19 5  5
3 4 5  5
10 11 5  5
13 31 5  5
20 35 5  5
21 40 5  5
24 33 5  5
32 34 5  5
1 3 6  6
10 20 6  6
11 24 6  6
14 26 6  6
14 32 6  6
20 22 6  6
2 7 7  7
4 7 7  7
11 13 7  7
12 37 7  7
15 33 7  7
26 28 7  7
29 32 7  7
32 33 7  7
34 38 7  7
8 25 8  8
12 16 8  8
13 21 8  8
20 40 8  8
25 30 8  8
28 38 8  8
2 11 9  9
19 22 9  9
28 30 9  9
33 38 9  9
36 38 9  9
4 29 10 10
9 21 10 10
12 20 10 10
12 22 10 10
15 29 10 10
22 37 10 10
23 38 10 10
28 32 10 10
1 25 11 11
1 35 11 11
2 31 11 11
5 8 11 11
7 26 11 11
9 28 11 11
14 40 11 11
18 33 11 11
18 35 11 11
32 39 11 11
36 37 11 11
1 18 12 12
5 31 12 12
17 31 12 12
22 38 12 12
25 27 12 12
29 34 12 12
29 40 12 12
32 35 12 12
1 28 13 13
4 21 13 13
5 25 13 13
7 27 13 13
11 18 13 13
12 33 13 13
2 20 14 14
5 12 14 14
7 11 14 14
9 34 14 14
13 18 14 14
20 31 14 14
22 25 14 14
2 25 15 15
5 33 15 15
7 25 15 15
10 34 15 15
22 31 15 15
1 10 16 16
2 34 16 16
8 11 16 16
11 39 16 16
21 36 16 16
27 38 16 16
28 29 16 16
6 32 17 17
8 12 17 17
13 32 17 17
14 17 17 17
14 30 17 17
20 34 17 17
29 30 17 17
39 40 17 17
2 38 18 18
7 18 18 18
8 34 18 18
10 17 18 18
13 25 18 18
16 22 18 18
16 27 18 18
20 36 18 18
2 19 19 19
4 20 19 19
1 13 20 20
1 31 20 20
2 14 20 20
6 28 20 20
10 37 20 20
11 17 20 20
18 28 20 20
22 28 20 20
27 31 20 20
35 36 20 20
1 6 21 21
1 12 21 21
3 32 21 21
5 22 21 21
8 33 21 21
33 40 21 21
3 18 22 22
12 21 22 22
16 25 22 22
18 30 22 22
23 31 22 22
23 34 22 22
3 17 23 23
7 20 23 23
10 24 23 23
17 26 23 23
26 38 23 23
2 5 24 24
2 26 24 24
3 24 24 24
4 36 24 24
9 16 24 24
11 16 24 24
11 35 24 24
16 26 24 24
26 31 24 24
2 16 25 25
5 9 25 25
13 14 25 25
14 27 25 25
22 24 25 25
4 27 26 26
5 20 26 26
6 29 26 26
9 36 26 26
11 40 26 26
12 34 26 26
17 34 26 26
17 35 26 26
3 6 27 27
3 22 27 27
5 16 27 27
13 27 27 27
14 34 27 27
5 29 28 28
17 37 28 28
21 39 28 28
23 25 28 28
1 33 29 29
30 31 29 29
7 29 30 30
11 27 30 30
14 38 30 30