737 1010 309
   1    2      16       16
   1    3       8        9
   1    4      20       23
   5    6      34       33
   7    8      17       11
   7    9      30       26
   7   10      31       28
  11   12      12       20
  11   13      24       22
  11   14      29       31
  15   16      22       17
  15   17      42       46
  15   18      31       35
  15   19      36       36
  15   20      25       31
  21   22      36       36
  21   23      36       38
  24   25       8       13
  24   26      13        9
  24   27      48       49
  28   29      31       29
  28   30      29       30
  28   31      32       26
  32   33      32       33
  32   34      42       48
  32   35       3       11
  36   37      60       61
  36   38      28       23
  36   39      49       45
  36   40      18       14
  36   41      36       40
  42   43      12       12
  42   44      41       40
  42   45       7       15
  42   46      26       27
  42   47      11       13
  48   49      39       41
  48   50      31       31
  48   51      51       44
  52   53      36       35
  52   54      45       36
  52   55      35       41
  56   57      31       31
  56   58      39       40
  56   59      24       34
  60   61      34       34
  60   62      40       40
  60   63      23       21
  60   64      10        2
  65   66      31       25
  65   67      23       23
  65   68      43       35
  69   70      36       32
  69   71      12       18
  69   72      23       17
  73   74      28       28
  73   75      34       27
  73   76      27       28
  73   77      25       30
  78   79      15       23
  78   80      34       27
  78   81      33       32
  78   82      10       16
  83   84      21       26
  83   85      30       27
  86   87      22       16
  86   88      18       12
  89   90      52       54
  91   92      24       22
  91   93      11       13
  91   94      19       28
  91   95      48       45
  96   97      46       46
  96   98      49       57
  96   99      29       35
 100  101      22       25
 100  102      14        8
 100  103      23       19
 104  105      24       27
 104  106      25       23
 104  107      26       23
 108  109      30       30
 108  110      43       38
 108  111      26       27
 112  113      29       34
 112  114      43       36
 112  115      45       35
 116  117      23       14
 116  118      17       14
 116  119      36       35
 116  120      34       42
 121  122      63       56
 121  123      20       24
 121  124      22       19
 125  126      49       49
 125  127      24       17
 125  128      37       37
 125  129      54       56
 130  131      24       30
 107  130      12       13
 130  132      33       29
 133  134      24       28
 133  135      39       42
 133  136      27       30
  22  137      29       27
 138  139      29       24
 138  140      22       24
 138  141      29       22
 142  143      66       71
 142  144      34       35
 122  145      53       57
 122  146      52       55
 147  148      19       26
 147  149      34       27
 150  151      52       51
 150  152      46       51
 153  154      27       24
 153  155      26       30
  70  156      34       36
  70  157      43       38
  70   71      33       35
 158  159      14       14
 158  160      24       21
 158  161      35       29
 162  163      24       23
 162  164      17       22
 165  166      19       12
 165  167      35       33
 168  169      46       50
 168  170      51       51
 168  171      39       39
 119  168      25       33
 172  173      43       43
  57  172      41       40
 172  174      43       51
 173  175      49       51
 169  176      14       17
 176  177       3        1
 176  178      19       24
 166  179       9       10
 179  180      33       27
 181  182      26       26
 183  184      25       24
 183  185      16       15
 183  186      21       26
  43   45       6        1
  43  187      28       36
 188  189      22       24
 188  190      10        7
 191  192      17       18
 191  193      19       18
  76  191      38       40
 194  195      37       45
 194  196      45       48
 194  197      33       27
 194  198      45       42
 199  200      27       33
 199  201      24       23
 202  203      19       26
 202  204      28       25
 202  205      33       27
 202  206      17       26
 202  207      32       34
 139  208      41       37
 139  141      33       37
 139  209      23       20
 109  210      49       53
 109  110      21       30
 211  212      10        9
 211  213      23       24
 211  214      34       40
 211  215      17        8
 216  217      38       31
 216  218      27       25
 219  220      43       44
 219  221      48       53
 219  222      19       16
 151  223      35       38
 223  224      40       43
 225  226      18       19
 225  227      46       47
 228  229      29       27
 228  230      13       17
  44  231       8        1
 232  233      42       41
 232  234      34       27
 232  235      46       50
 236  237      25       20
 236  238      49       48
 236  239      23       29
 236  240      30       38
 180  241      19       21
  45  187      29       26
 242  243      42       41
 242  244      45       51
 242  245      45       49
 242  246      45       37
  90  247      59       57
  19  247      52       55
 126  248      17       19
 126  249      16       14
  90  250      40       37
 156  251      12        7
 156  252      22       22
 250  253      25       17
 250  254      35       36
 255  256      25       21
 255  257      30       36
  74  258      31       29
 258  259      34       38
 243  244      69       68
 243  260      43       35
 261  262      21       21
 261  263      26       22
 261  264      44       52
 265  266      33       32
 265  267      27       31
 185  268      17       19
 269  270      28       26
 269  271      23       15
  55  269      55       59
 143  272      22       21
  46  273      37       38
 274  275      41       43
 274  276      42       47
 217  277      15       13
 278  279      33       42
 278  280      13       12
 281  282      33       32
 281  283       7        2
 281  284      28       36
 189  285      25       24
 189  286      34       35
 287  288      16       23
 289  290      38       43
 289  291      39       37
 289  292       7        4
 289  293      33       29
 235  294      32       38
 124  195      33       34
 195  295      39       43
 195  296      38       29
 297  298      26       33
 297  299      15       17
 300  301       7        6
 300  302      28       36
 151  303      46       50
 151  304       5       13
 305  306      17       20
  30  305      14       15
 262  307      21       31
 262  263      23       24
 308  309      37       36
  18  308      37       43
 310  311      24       16
 310  312      53       55
 313  314      28       27
 182  313      37       27
  57   59      52       53
  57  315      51       50
 316  317      46       39
  31  316      13       20
 318  319      23       24
 318  320      36       36
 318  321      36       42
 282  283      38       34
 282  322      27       29
 282  284      37       30
 282  323      15       16
 324  325      21       17
 324  326      10        4
 324  327      29       26
 324  328      39       36
  61   64      30       29
 329  330      44       40
 329  331      22       24
 270  332      24       23
 301  333      10       11
  58  334      40       39
  58  335      43       41
 311  336       9        2
 336  337      29       24
  74  259      36       37
 338  339      26       22
 340  341       9        6
 340  342      21       20
 340  343      27       28
 248  249      24       24
 208  344      49       40
 344  345       4        5
 344  346      22       20
 347  348       1        8
 347  349      28       23
 350  351      29       29
 350  352      21       24
 134  136      36       38
 134  353      17       11
 354  355      36       33
 354  356      20       18
 354  357      12       14
 358  359      38       45
 358  360      37       44
 203  204       4        1
 203  207      36       33
 184  220      15       18
 184  186      13        8
 184  222      34       32
 283  284      28       26
 361  362      19       15
 361  363      15       21
 364  365      54       61
 312  364      50       55
 364  366      33       31
 246  364      66       74
 342  367      26       21
 174  367      19       21
 367  368      16       21
 367  369      16       19
 370  371      15       12
 135  254      41       47
 135  372      19       16
 322  323      18       11
 322  373      20       26
 374  375      39       38
 374  376      33       32
 374  377      36       37
 374  378      42       38
 374  379      19       21
 230  380      62       61
 381  382      44       35
 381  383      30       29
 257  384      32       29
 244  245      37       39
 385  386      26       27
 193  385      31       29
 385  387      17       19
 385  388      40       31
 192  193      22       14
 192  389      23       14
 390  391      20       23
 390  392      18       13
 117  118      35       37
 117  393      46       43
 117  119      38       39
 271  394      37       36
 271  395      48       41
  33   35      36       34
 263  307      32       33
 264  307      36       33
 220  396      27       29
  79  397      15       11
  79   82      19       14
 398  399      22       21
 398  400      36       39
 398  401      41       50
 402  403       8        6
  72  402      23       23
 402  404       8        7
 405  406      11       15
 405  407      14       15
 405  408       4        7
 394  409      27       30
 394  395      47       47
 201  394      38       41
 355  356      31       26
 355  410      42       47
 355  357      30       29
 145  319      35       40
 145  411      24       25
 145  295      38       42
 412  413      29       20
 137  412      32       42
 412  414      25       28
 386  415      49       52
 386  387      31       26
 416  417       8       13
   6  416      27       34
 416  418      42       45
 333  419      12       12
 320  333      21       31
 333  420       5       11
 146  333      20       18
  16  421      45       51
  16   20      37       33
 422  423      39       42
 422  424      51       51
 422  425      12       13
 187  273      26       25
 330  426      52       50
 330  427      36       37
 330  428      19       17
   9  391      25       28
 391  429      27       30
 430  431      36       38
 227  430      19       22
 105  432      43       37
 105  433      37       45
 105  132      33       28
 314  434      18       22
  77  434      42       39
 182  434      43       35
 136  353      25       30
 306  435      10       14
  30  435      24       17
 435  436      19       19
 435  437      23       28
  14  435      18       23
 435  438      34       29
 439  440      21       20
 439  441      22       21
 442  443      36       35
 444  445       3        5
 446  447      50       41
 371  446      54       47
 272  448      55       62
 272  449      49       56
 450  451      49       43
 450  452      44       43
 453  454      40       42
  88  453      37       47
 453  455      19       22
 453  456      19       22
 453  457      40       43
 423  458      38       38
 458  459      16       14
 458  460      42       48
 458  461      25       32
 431  462      28       29
 227  462      30       35
 123  124      35       35
  37   39      46       44
  37   40      57       60
 463  464      11       18
 208  465      31       34
 205  303      35       28
 303  304      42       41
 431  466       9       10
 256  467      38       33
 256  257      32       32
 317  468      47       47
  31  317      30       32
 317  469       8        9
 470  471      47       43
 470  472      35       37
 337  473      20       10
 217  474      27       24
 423  460      17       15
 423  425      52       45
 475  476      18       22
 475  477      39       36
 475  478       6        3
 479  480      33       38
 479  481      35       34
 169  170      39       43
 169  171      15        7
 169  177      14       23
 454  482      43       51
 482  483      50       47
 482  484      10        2
 260  421      36       31
 260  440      33       32
 485  486      50       50
 406  407      24       22
 406  408      20       20
 487  488      28       30
 487  489      13        9
 279  465      29       28
 279  490      36       36
 279  491      20       26
 279  492      33       41
 237  240      18       19
 493  494      44       39
 493  495      29       30
  92  493      14       17
 224  493      36       30
 140  496      34       26
 141  496      36       40
 496  497      31       26
 127  498      42       37
 498  499       7       13
 498  500      29       28
  49  501      29       25
 501  502      20       20
  50  501      32       38
 501  503       7        8
  76  259      40       43
 399  400      52       49
 504  505      45       45
 504  506      13       21
 504  507      44       38
 504  508       6        4
 509  510      27       28
 448  511      25       25
 449  511      48       51
 511  512      16       24
 273  511      28       31
 513  514      22       25
 513  515      18       17
 285  513      38       37
  13  513      25       30
 513  516      13       19
 513  517      22       26
 518  519      14       18
 518  520      10       13
 341  521      13        7
 342  521      27       26
 505  506      46       39
 505  507      42       37
 325  522      19       13
 325  326      20       13
 325  523      17       12
  59  417      39       30
  49  502      22       16
  12  306      22       27
  14  306      20       27
 226  353      10       19
 524  525       8        4
 124  526      37       34
 519  527      41       43
 519  520      16       16
 349  519      14       17
   2    3      29       19
   2    4       4       13
   2  528      43       47
 140  141      19       15
   3  500      31       35
   3    4      16       23
 327  529      43       44
 528  529      40       42
 328  529      36       34
  67  251      25       33
 530  531      28       34
 196  532      33       26
 196  197      28       30
 356  357       4        6
 356  533      19       27
 534  535      68       65
 534  536      55       56
 341  537      32       37
 537  538      40       34
 365  539      35       38
 365  375      58       56
 407  540      28       22
 101  407      30       36
 178  410      36       42
 541  542      45       50
 373  541      44       39
 543  544      38       38
 543  545      33       31
 204  206       7        3
 204  207      39       40
 341  342      18       20
   9  474      27       23
 229  546      22       22
 229  230      37       35
 547  548      15        9
 346  547      41       41
 432  433      12       11
 432  549      51       52
  29   30      36       30
 266  550      20       16
 266  497      14       17
 266  267      25       22
 200  551       1        7
 200  552       9       16
 200  201      25       20
 468  469      43       45
 400  553      16       11
 401  553       7        7
 553  554      38       36
 206  555       5        3
 148  149      46       42
 148  556      42       47
 557  558      55       59
 276  559      16       21
 205  560      35       34
 454  484      40       45
 454  456      37       40
 561  562      31       30
 535  561      31       35
 563  564      19       22
 253  254      13       20
 565  566      42       45
 459  567       6        6
 568  569      44       40
 568  570      45       42
 568  571      30       28
 175  502      26       22
 239  572      29       29
 564  572      27       23
 210  573      48       44
 210  574      33       32
 575  576      44       37
 311  577      54       62
 311  337      28       31
 578  579      37       37
 578  580      35       45
 578  581       7        5
 331  562      23       24
 120  562      11        6
   6  113      27       31
 548  582      42       41
 280  582      30       30
 582  583       8        4
 582  584      15       13
 585  586      34       35
 585  587      12        6
 585  588      12       11
 480  583      47       42
 480  481       1        6
 315  589      47       41
 132  433      54       51
  80  590      15       11
  80   82      31       29
  53  332       3       12
  53  591      23       19
 209  592      43       38
 592  593      20       21
 376  592      11       18
 167  594      38       39
 167  595      37       33
 366  539      49       52
 376  539      50       54
 319  320      39       43
 326  522      11       11
 185  596      12       13
 597  598      41       37
 597  599      38       43
 342  368      26       28
  25   27      36       42
 600  601      33       30
 164  600      40       34
 371  600      38       33
 602  603      32       38
 602  604      57       57
 554  602      39       41
 605  606      28       30
  71  607      31       27
  71   72      11        8
 106  107      32       38
 106  132      31       31
 586  588      26       30
 395  409      34       34
 290  608      50       44
 609  610      28       28
 609  611      32       33
  87   88      28       27
 594  612      42       44
  47  288      38       41
 535  613      46       48
 614  615      40       39
 443  614      16       14
 309  527      53       51
 309  616      27       34
 540  573      54       54
 573  574      18       20
 299  558      25       22
 558  617      39       38
 618  619      13        8
 618  620      22       12
 618  621      21       23
 618  622      20       21
 238  413      52       45
 238  447      47       55
 118  119      16       21
 514  623      22       25
 514  516      26       18
 514  517       8        3
 465  490      39       30
 465  492      30       21
 624  625      24       29
 540  574      65       72
 408  540      21       16
 626  627      40       33
 212  214      25       31
 209  593      22       28
 590  628      40       40
  82  590      34       39
 554  590      30       25
 629  630      34       28
 629  631      23       18
 544  632      19       24
 632  633      27       28
 494  495      36       34
 494  560      17       16
 448  449      26       21
 448  512      34       35
 490  491      29       34
 490  492      12        8
 233  234      48       48
 186  233      33       30
 221  233      16       22
 634  635      21       15
 542  634       8        1
 293  634      42       40
 636  637      33       31
 351  638      11        5
 351  352      35       34
 639  640      19       16
 639  641      26       26
 639  642      27       29
 163  601      27       17
 163  164      24       18
 163  643      29       31
 630  644      23       27
 630  631       3       11
 630  645      33       31
  27  532      37       36
 477  532      46       42
 506  508      20       14
 460  646       5        8
 382  646      36       39
  97  647      43       39
  97  445      43       44
  97   99      23       19
 436  437      19       23
  14  436       6        5
  68  648      31       39
 239  240      27       21
 502  649      41       42
 230  546      30       31
  10  546      22       29
 650  651       1        6
 298  299      36       41
 298  615      36       35
  17   18      25       22
  17   19      25       21
 652  653      26       19
 464  652      28       25
 652  654      44       36
 302  652      39       37
 246  312      53       50
 551  552      18       18
 218  551      27       29
 201  551      17       25
 413  655      21       27
 413  648      21       20
 579  580       8        6
 275  579      26       25
 579  656       9       16
 579  581      45       48
 426  427      25       24
 426  657      52       45
 426  428      49       53
 653  654      43       44
 174  368      31       29
  92  495      31       26
 577  658      58       56
 604  658      38       35
  81  647      27       31
 515  659      27       21
 515  517      26       27
 193  389      20       19
 193  388      46       42
 285  516      19       18
 610  660      63       64
 137  414      19       20
  75  661      35       33
  75   77      37       37
 603  604      36       31
 603  662      30       31
 113  461      51       54
 663  664      43       40
 663  665      28       34
 663  666      26       18
  34  452      34       32
  81   98      70       67
 352  638      35       39
 612  667      28       29
 667  668      17       19
 649  667      30       29
 648  655      15       18
 669  670      37       38
 424  669      14       10
 425  669      49       46
 368  548      41       46
 392  671      33       40
 392  672      32       32
 437  438       8       13
 234  235      55       54
 131  673      51       51
 197  674      35       28
 251  675      10       11
 476  525      44       42
  51  476       6        9
 411  676      50       43
 295  296      22       21
 677  678      33       27
 339  677      26       19
 679  680      32       29
 352  679      38       42
 213  215      24       23
 681  682      42       43
 681  683      18       26
 383  681      45       46
 681  684      23       23
 320  419      22       22
 421  488      24       31
 348  685       7        5
 348  349      34       31
 348  360      34       36
 339  464      13        5
 686  687      36       27
 686  688       7        5
 686  689      35       36
 235  644      48       43
 267  550      11        8
 675  690      31       30
 675  691      22       21
 252  675      14       16
 675  692      32       30
 693  694      12       14
 693  695       9       14
 363  693      26       24
 431  569      36       32
 431  696      18       23
 128  249      27       28
 128  155      55       46
 694  695      15       15
 595  694       8       17
 580  697      50       43
 580  581      41       43
 267  698      15       17
 503  699      20       20
  93  700      43       38
 186  221      38       35
 267  701      35       29
 662  701      19       23
 164  601      30       36
  62  160      33       31
 671  672      14       12
 671  702      48       42
 280  583      44       42
 221  222      32       33
 415  703      44       42
 467  704      48       42
 510  704      35       33
 497  531      27       32
 531  705      55       46
 664  706      39       37
 664  666      24       19
 664  668      19       14
 641  665      39       34
 665  666      19       25
 101  102      25       19
 401  628      28       29
 583  584      15       10
 640  707      42       46
 640  642      32       35
 598  599       9        1
 598  673      39       38
 427  428      43       41
 170  171      50       56
 708  709      31       31
 508  708      38       42
 710  711      45       49
 710  712      34       33
 654  678      20       20
  39  129      25       30
 129  627      45       47
 154  155      29       26
 713  714      31       40
 713  715      33       35
 523  713      28       27
 660  716      28       28
  92   93      23       29
  92   94      26       29
  18   19      31       41
  54   55       1        1
 114  717      54       46
 334  717      34       35
 334  335      34       25
 523  714      61       55
 326  327      35       32
 718  719      39       42
 673  709      24       18
 621  709      52       57
 440  720      14       13
 441  720      27       21
 611  721      37       44
 449  512      47       47
 564  722      34       25
 619  621      16       14
 619  622      10       13
  38  447      34       39
  38   40      31       31
 656  697      51       51
 472  654      20       17
 723  724      49       51
 538  723      39       42
 725  726      30       25
  23  725      29       36
 418  727      20       25
  63  544      35       37
 544  633      12       18
 544  606      25       18
 254  372      50       50
 323  373      33       41
 615  670      36       39
 690  691      22       19
 440  441      27       32
 702  728      30       39
  93  224      29       27
 252  691      18       21
 576  691      29       29
 691  692      33       32
 481  717      37       42
 443  615      28       23
 290  483       1       10
 290  292      33       36
  12   13      31       37
  94   95      40       33
  31  469      44       44
  82  397      16       17
 682  729       5       11
 683  729      39       33
 119  393      48       57
 214  215      44       46
 224  637      16       14
 345  346      27       17
 171  177      16        9
 625  687      28       18
 687  688      34       27
 687  689      15       22
 570  571      17       25
 429  570      19       14
 570  730      68       78
 429  571      12       11
 161  545      25       26
 349  685      29       26
 372  685      44       43
 107  132      19       17
 375  377      42       49
 375  379      24       17
 527  616      16       20
 376  593      27       27
 360  719      27       26
 486  731      26       24
 538  724      17       16
  63   64      25       25
 357  533      26       28
 595  695      24       18
 363  695      12       10
 595  612      22       19
 452  611      48       44
 566  611      37       38
  10  696      24       20
 291  542      43       42
 606  633       3       10
 499  500      27       30
 275  656      16       19
 625  689      25       24
 666  706      35       25
 457  491      16       22
 620  622      26       34
 666  668      33       30
  84  732      26       17
  84   85      35       33
  84  733      32       28
  85  115      43       43
 115  461      42       33
 371  726      33       27
 577  604      35       33
 291  293      35       32
 190  566      28       33
 103  599      24       17
 520  734      12       12
   4  500      21       22
 404  617      40       40
 672  735      32       32
 428  657      20       18
 349  734      21       20
 349  587      10        9
 352  680      12       10
 688  689      30       30
 584  736       8        1
 335  736      22       20
 180  362      33       36
 180  363      34       27
 483  484      42       43
 438  676      37       47
 276  716      50       48
 477  525      24       23
 292  737      32       31
 627  643      22       27
 335  584      26       23
 455  456      11        7
 455  457      33       37
 661  683      28       30
 661  684      19       19
 218  552      23       22
  14  321      37       41
 273  512      45       43
  23  726      28       33
 587  588      12       18
 102  103      38       30
  85  733      31       22
 377  379      34       36
 689  735      27       22
  77  314      12       20
 286  566      20       24
  40   41      31       28
 146  320      29       22
 359  360      30       37
 683  684      19       15
 177  178      25       25
 702  730      35       37
 621  622      20       17
 362  363      27       19
 378  379      41       45

   2  154      38       37
   5  416      36       42
   5  417      40       45
   6  417      25       24
   8  144      12       13
   8  229      21       22
   9  390      28       21
  12   14      22       23
  20  421      42       44
  21  137      30       28
  21  607      68       70
  21  725      13       10
  22  157       8        3
  25   26      11       10
  26   27      31       34
  27  478      32       30
  29  676      20       26
  30  306      26       22
  32  189      34       36
  33   34      19       24
  35  623      33       30
  38   41      26       24
  42  231      36       34
  43   47       1        7
  44  488      35       41
  45   46      29       20
  47  231      41       42
  47  287      19       25
  50  315      44       40
  51  475      30       30
  52  591      30       31
  53  270      32       27
  59  416      23       25
  61  632      46       42
  62  257      32       36
  62  384      43       41
  66   67      11       12
  66  410      59       58
  67  410      65       61
  68  655      33       30
  72  403      27       23
  72  404      29       26
  72  607      24       23
  74   75      19       23
  75  258      29       36
  78  397      13       10
  80  554      32       31
  81  397      30       32
  83  712      16       12
  85  732      42       39
  86  479      46       41
  87  479      39       34
  89  586      11        9
  90  253      43       44
  92   95      57       59
  93  637      26       20
  94  495      31       36
  96  647      32       37
  98  647      56       54
  99  647      47       42
 103  598      22       21
 104  132       6        5
 104  549      37       33
 105  549      18       10
 109  111      46       47
 110  111      25       31
 114  711      55       54
 121  526      22       27
 123  526      13       14
 126  128      24       22
 128  248      35       42
 133  225      26       31
 134  225       4        2
 134  226      12        9
 138  208      26       31
 142  199      26       26
 142  229      44       41
 143  380      47       51
 144  229       1        8
 146  419      15       19
 147  556      31       35
 148  528      35       37
 149  388      93       91
 149  556      66       58
 150  223      47       53
 152  399      48       41
 153  529      32       31
 156  675      13       13
 159  160       3       11
 160  257      22       30
 162  258      30       23
 163  626      26       24
 165  241      28       34
 166  241      18       21
 171  176       7       12
 173  699      40       45
 174  369      35       38
 175  501      22       27
 175  503      19       23
 175  699      29       28
 179  241      18       13
 180  350      40       38
 181  467      33       32
 181  704      47       53
 183  596      22       22
 184  233      35       40
 184  396      39       39
 188  611      27       28
 190  611      18       21
 191  389      14       14
 195  198      45       49
 198  296      26       33
 202  560      42       40
 208  345      41       44
 211  589      37       44
 213  589      27       26
 214  557      55       55
 215  589      27       29
 216  277      38       40
 216  552      14       17
 223  636      43       42
 224  636      46       50
 228  546       8        8
 236  722      25       22
 237  239      30       33
 238  648      38       40
 239  722      21       26
 241  350      32       30
 243  245      40       42
 247  380      19       17
 251  252      17       24
 251  692      28       29
 252  690      17       23
 255  415       7       12
 256  384      34       35
 256  415      28       34
 259  499      44       36
 260  720      32       33
 261  307      15       12
 262  264      40       43
 262  605      29       31
 265  550      13       17
 266  531      44       39
 268  596      15       22
 269  650      77       78
 271  409      53       50
 274  485      35       45
 274  579      38       31
 275  393      39       42
 276  485      24       27
 277  474      32       31
 277  735      33       37
 278  582      34       40
 286  565      20       20
 288  487      44       43
 288  489      27       32
 289  483      38       37
 291  541      11       14
 292  483      32       34
 293  635      39       31
 294  700      20       22
 295  411      30       34
 297  558       9       10
 299  670      26       21
 300  333      11        8
 300  420       5        5
 301  419      18       18
 301  420       1        1
 302  653      24       27
 305  435      23       14
 308  616      42       42
 310  336      24       18
 311  473      17       15
 313  434       7       16
 316  565      36       42
 321  436      35       30
 326  523      32       27
 327  328      17       14
 327  715      40       34
 329  575      12       12
 331  561      22       19
 331  575      22       19
 332  591      20       18
 336  473      12       14
 338  464      16        9
 338  652      30       29
 339  463      10       11
 340  537      41       36
 342  369      11        9
 343  346      37       37
 343  547      43       33
 347  685      18       11
 350  638      41       32
 350  679      40       44
 350  680      11       15
 351  362      32       31
 353  549      34       25
 354  533      13       20
 358  718      22       23
 358  719      22       20
 359  719      28       19
 361  695      26       33
 366  705      36       30
 368  369      23       32
 369  521      22       29
 370  446      46       41
 370  726      36       33
 373  737      33       30
 376  723      14       15
 377  378      11       13
 381  646      57       51
 382  383      29       26
 382  442      16       23
 387  388      32       30
 387  703      43       40
 390  474      32       26
 396  444      53       52
 400  401      19       18
 403  404      10       12
 405  540      23       20
 407  408      14       13
 413  414      22       23
 416  727      22       22
 417  418      39       33
 417  727      18       26
 422  669      44       39
 424  670      35       36
 430  462      15       21
 439  720      23       24
 442  614      28       20
 444  596      52       44
 445  596      48       44
 450  721      37       38
 451  609      48       48
 451  610      48       45
 452  721      13       18
 458  567      17       12
 459  461      27       31
 462  569      32       33
 463  677      20       10
 466  569      35       31
 466  696      23       20
 468  731      36       45
 470  654      42       49
 471  659      25       24
 472  678      27       22
 476  524      33       39
 479  717      27       23
 485  731      37       44
 486  566      61       54
 488  489      43       36
 507  568      26       26
 509  567      37       37
 510  732      43       35
 517  623      24       22
 518  734      18       13
 519  734      11       15
 521  642      37       34
 526  674      28       25
 527  588      34       41
 530  705      26       32
 534  613      16       20
 535  536      23       17
 536  561      44       38
 536  613      46       42
 537  707      52       46
 537  724      26       32
 543  633      43       35
 557  617      31       31
 559  660      64       69
 559  716      54       51
 562  575      34       33
 563  572      37       42
 570  702      41       41
 570  728      53       52
 572  722      30       26
 576  692      38       28
 580  656       8        1
 581  697      53       52
 592  723       3        5
 594  649      31       37
 595  693       8        8
 601  626      17       16
 603  658      15       17
 605  633      35       32
 606  632      33       33
 608  710      45       50
 608  711      48       47
 609  721      40       42
 610  716      62       58
 612  694      16       24
 624  687      13       13
 625  735      34       31
 626  643      12       13
 629  644      40       44
 631  644      25       23
 640  641      38       34
 640  718      36       41
 644  645      14       14
 658  662      24       28
 662  698      28       19
 665  706      18       21
 681  729      34       31
 698  701      25       25
 704  732      44       47
 707  718      50       40
 714  715      32       30
 728  730      17       27
 732  733      15       18
 