88 86 85
  1   2   10    10
  3   4    1     1
  3   5   33    38
  3   6   34    38
  4   7   37    45
  8   9   11    15
 10  11    1     1
  9  10   14    26
 12  13   18    15
 12  14   31    27
 15  16   18    18
  5  17   42    34
  2  18   10     5
  9  19   30    26
 17  20   41    37
  6  21   16    17
 21  22    9    17
 14  23   23    19
 22  23    1     1
  9  11   11    14
 24  25   48    56
 26  27   20    31
 26  28    4    20
 29  30   19    14
 31  32   21     9
 31  33   19     8
 33  34   17    23
 34  35   40    23
 36  37    3    17
 36  38   14    11
 28  36   16    22
 32  33   15     8
 32  39   10    14
 25  32   32    35
 39  40   17    22
 30  41   20    16
 35  41   30    23
 37  42   13    19
 28  37   15     1
 30  35   11    17
 27  42   13     1
 27  28   20    18
 40  43   24    32
 38  44   23    11
 44  45   22    21
 45  46    7    10
 42  45   18    11
 47  48   13    16
 47  49    3    10
 49  50    6     1
 50  51   15    34
 52  53   58    54
 48  54   16     2
 51  54   13     9
 55  56    2     9
 57  58    1     8
 57  59    1     3
 60  61   29    29
 60  62   12    12
 60  63   30    43
 58  64   16    12
 58  59   21     9
 65  66   21    14
 67  68   21    16
 66  67    9    17
 69  70    5     5
 69  71   51    47
 69  72   14    23
 73  74   19     7
 73  75    1     9
 70  76   33    27
 74  77    8    17
 77  78   43    35
 77  79    7     1
 80  81   27    18
 68  82   13    19
 83  84    7     3
 76  85   12     8
 74  79   18     5
 71  86   15    14
 78  86   23    24
 75  78   36    36
 87  88    6     7
 72  84   12    12
 81  88    8    16
 82  88    4    10

  1   4   20    17
  1  18   17    12
  1  58   45    42
  2   6   40    34
  2  64   26    32
  3  14   29    26
  4   5   28    19
  5  18   56    63
  6  18   50    42
  6  22   18    26
  6  64   45    31
  7   8   22    23
  7  14   21    28
  7  40   20    23
  8  19   24    19
  8  53  171   172
 10  16   11    15
 11  15    1     1
 11  16    4    10
 12  23   14     6
 12  40   36    41
 13  21   20     8
 13  22    3    16
 13  23    7    12
 15  20   22    14
 17  43  115   115
 17  63  177   172
 19  20   12     1
 19  53  159   161
 21  60  114   117
 21  61  151   155
 21  62  121   131
 21  68   78    84
 21  70  124   116
 24  27   27    20
 24  39   35    22
 25  43   12    14
 25  52  212   219
 25  53  189   181
 26  36   31    23
 26  37   25     8
 29  46    1     1
 31  34   36    32
 31  39   27    13
 33  41    1     1
 34  41    9    28
 38  76   29    28
 38  85   27    14
 40  60  158   157
 40  61  209   196
 40  62  175   168
 40  68  123   122
 40  70  164   155
 43  52  216   223
 43  53  172   181
 47  56    6    10
 48  51   21     7
 49  51   13    20
 49  56   14    13
 50  55    7     4
 50  56   22    12
 52  63   16    17
 53  61   22    24
 54  59   22     7
 55  79   36    44
 57  64   19    21
 60  70  177   165
 61  63   26    31
 61  70  208   197
 62  70  174   177
 62  80   89    82
 65  67    6    12
 65  87    6    14
 66  81   37    24
 66  85   28    13
 67  87   11     5
 68  80   17    27
 69  84   41    30
 71  78   27    15
 72  83   22    12
 74  75   21     7
 75  80   25    10
 81  82   23    16
 82  87    8    14
 83  86    9     7
