196 154 162
  1   2   37    45
  2  25   49    53
  3   4   70    72
  4   5   60    63
  5   6   57    58
  7  15   63    62
  7 193   80    76
  8 194   82    83
  9 196   55    47
 10  11   46    52
 10 196   45    50
 12 194   60    63
 13 194   36    35
 14  39   72    71
 14 194   36    31
 15  16  100   103
 16 191   35    30
 17  35  135   130
 18  19   38    43
 20  21   61    65
 20  22   38    40
 21  23   63    57
 21  34   75    74
 23  24   48    54
 23  33   75    72
 25  26   44    48
 26  27   53    50
 26  30  148   145
 27  28  140   133
 29  71  228   221
 30  60   69    68
 31  32   49    47
 32  59   42    44
 34  36   71    73
 34  58   41    47
 34 192   35    42
 37  54   61    63
 38  39   77    74
 38  50  115   113
 40  41   40    40
 42  44   33    35
 43  45   30    37
 44  45   29    30
 46  48   90    85
 47  87   95   100
 48  49   45    43
 51  52   44    42
 52  55   44    45
 53  54   31    31
 55  56   77    74
 56  57   39    40
 60  66   58    52
 60  67   68    70
 61  65   55    54
 62  63   59    65
 63  64   42    45
 63  74  121   129
 64 189   65    61
 66  76  120   115
 68  69   46    49
 69  70   94    89
 69  79   70    68
 70  80   48    47
 71  72   42    45
 72  73   45    45
 73  74   38    38
 74 100   48    47
 75 189   63    65
 77  98   69    75
 78  79   40    36
 81  82   54    45
 81 190   41    44
 82  83   45    41
 82  91  161   163
 83  84   35    42
 85  86   84    81
 88  89  199   195
 88 118  130   136
 89  90   48    51
 89 117  146   145
 91  93   57    58
 92  95   55    55
 94 114  117   114
 96 190   90    88
 97  98  112   105
 97 109   46    45
 98 188   33    35
 99 106   37    31
101 102  286   286
102 103   49    53
102 129   92    87
104 105   85    83
106 127  149   147
107 126  135   135
107 188   36    37
108 125  107   107
110 111   97   100
111 112   58    55
111 113   62    60
113 120   97   104
114 115   40    47
115 119  149   147
116 117   43    41
120 121  134   134
120 164   63    55
121 122   51    46
122 123   28    29
123 124   54    46
123 145  101   103
125 126   82    84
125 186   45    48
126 144   55    59
127 143   66    70
128 135  135   127
128 137   58    60
129 187   72    76
130 131  215   212
130 132  114   105
132 133  106   104
134 136   81    84
138 142  126   132
139 140   48    41
140 141   49    53
142 143   46    50
143 147   43    41
146 147   80    76
148 149   44    45
150 154   39    36
151 184   90    89
152 156   71    75
153 156  119   115
154 155   69    75
156 184   40    30
157 177  110   118
158 159   46    45
159 160   70    75
161 162   41    38
161 174  130   130
163 164  138   138
164 165   68    69
166 167   93    94
167 168  146   153
168 169   59    53
169 170  139   142
169 185   40    37
170 171   40    32
172 173   50    55
175 176   50    54
176 179  133   131
177 178   95    97
180 181   62    68
180 182  204   199
181 183  193   190
194 195   79    74

  1  26   49    52
  2   3   45    49
  3  22   36    40
  3  24   64    69
  4  20   51    58
  5  19  121   129
  6  18   85    88
  6 193   62    56
  7   8  112   105
  8  15   81    87
  9  10   24    20
  9 195   66    68
 10  45   29    35
 11  12   35    31
 11  43   33    33
 12  13   41    35
 12  41   62    60
 12 195   44    44
 13  14   32    40
 13  40   59    56
 14  15   60    66
 16  17   41    38
 17  18   52    49
 17 193   85    89
 18  35   63    65
 19  21   52    49
 19 192   42    43
 22  23   61    65
 24  25   54    54
 24  33   55    55
 25  31  123   129
 28  29   52    53
 28  30  105   101
 29  30   95   103
 29  62   46    51
 30  31   40    44
 30  61   45    54
 32  33   39    31
 35 192   31    38
 37  38   43    44
 38  53   68    68
 39  40   53    50
 41  42   30    27
 41  50   64    69
 42  43   26    27
 44  46   35    42
 44  49   80    81
 46 196   76    71
 47  48   68    71
 47  51  112   110
 49  50   50    49
 50  52   50    53
 51  84   78    78
 52  53  100   101
 53  56   48    41
 54  57   46    47
 55  83   15    16
 56  81   92    93
 57  58  118   120
 57  70   69    61
 58  68   45    53
 59  60   37    35
 61  62  101    99
 64  65   56    61
 65  66   50    45
 66  67   55    48
 67  68  118   119
 67  78  142   138
 71 102   91    95
 72 103   90    84
 73 104   92    85
 74  75   52    55
 75  76   86    85
 76  77   82    78
 76  99   60    62
 77  78   94    90
 78  97  121   125
 79  80   92    87
 79 110  192   196
 80  81   45    44
 80 190   36    43
 82  92  105   102
 82 190   72    72
 84  85   39    43
 85  87  116   111
 87  90   40    30
 90  91   47    46
 91  92  143   139
 93  94  107   103
 93 115  139   137
 94  95   87    86
 95  96   53    53
 95 112  125   130
 96 110  130   122
 99 100  127   130
100 105   65    68
101 130  174   165
103 104   35    39
104 129  123   121
105 106  143   149
105 127  143   139
105 128   69    70
106 188   38    43
107 108   99    96
108 110   65    61
110 124   76    74
111 124  104   103
112 113   42    43
113 114   79    73
113 122  130   129
115 116   85    88
116 119   77    70
117 118  109   109
121 163   53    51
122 153   86    84
124 186   47    52
125 145   45    51
126 127   75    84
129 135   87    90
130 187  126   126
133 134   68    71
133 135   68    69
133 187   85    81
135 136   35    43
136 137   86    83
136 139   66    67
137 138   41    38
137 139   82    87
138 141   95    91
140 148  100   101
141 142   72    71
142 146   46    50
143 144   90    87
144 145   88    86
144 152   80    71
146 149   58    54
147 151   69    64
148 157  119   115
149 150   23    21
150 151   80    81
151 155   45    53
152 153  117   117
154 158   87    91
155 160   65    62
156 161   46    41
157 158   68    66
159 174   26    25
159 175   90    85
160 184   54    51
161 170   37    38
162 163  129   131
162 168  111   110
163 168   53    45
164 167   71    77
165 166   73    73
173 174   26    28
173 176   83    84
173 182   52    56
175 177  101   101
178 179   48    46
179 180   55    58
182 183   58    63
