196 176 140
  1   2   39    47
  2   3   52    44
  4   5   54    68
  5   6   57    61
  6 193   59    65
  7   8  118   108
  7  15   64    65
  9 195   72    76
 10  11   47    43
 11  43   32    31
 12  13   39    33
 12  41   61    58
 12 194   65    66
 13  14   39    38
 13 194   29    41
 14  15   64    59
 14 194   32    35
 16  17   38    41
 16 191   33    30
 17  35  134   126
 18  19   32    42
 18  35   70    73
 19 192   40    34
 20  21   52    54
 21  23   64    54
 22  23   72    71
 24  25   42    50
 25  26   53    44
 26  27   49    42
 26  30  143   154
 27  28  141   130
 29  62   58    49
 29  71  224   217
 31  32   44    40
 32  33   42    33
 34  36   75    78
 34  58   47    48
 35 192   40    42
 37  54   53    53
 38  39   77    82
 38  50  110   111
 38  53   60    58
 39  40   43    56
 41  42   23    17
 41  50   64    58
 42  44   23    24
 43  45   41    35
 44  46   47    44
 46 196   80    68
 47  48   76    64
 48  49   46    34
 50  52   48    48
 51  52   38    39
 51  84   73    73
 53  54   29    36
 54  57   42    50
 55  56   73    67
 57  58  114   113
 58  68   45    42
 59  60   41    38
 60  67   66    72
 61  65   62    53
 63  64   39    53
 64  65   61    64
 64 189   59    56
 66  67   58    44
 66  76  123   122
 67  68  122   121
 67  78  136   138
 68  69   58    48
 69  70   89    97
 72 103   83    92
 73 104   94    97
 74  75   51    43
 75  76   97    89
 76  99   73    63
 77  78   85    87
 77  98   71    64
 78  97  129   133
 79  80   94    98
 80  81   47    42
 81 190   39    39
 82  83   52    42
 83  84   40    44
 84  85   43    40
 85  86   77    89
 85  87  110   114
 87  90   40    40
 88  89  200   206
 89 117  150   143
 91  92  132   134
 91  93   60    63
 92  95   53    49
 93  94  100   112
 96 110  120   132
 97  98  113   112
 97 109   49    41
 98 188   41    35
 99 100  121   127
100 105   76    78
101 102  296   288
102 129   97    88
103 104   39    44
105 106  151   145
105 128   58    72
106 188   33    42
107 108  108   104
108 110   65    62
108 125   99    97
110 111  103   103
110 124   72    67
111 112   58    53
111 113   59    62
111 124   97   106
113 122  119   119
114 115   41    42
115 116   88    95
115 119  156   142
116 119   74    72
117 118  113   112
120 121  140   135
121 163   43    57
122 123   18    32
125 126   73    77
125 145   47    53
125 186   45    56
126 144   59    51
127 143   63    67
129 187   81    71
130 131  207   214
130 187  127   123
132 133   98   113
133 134   75    78
135 136   37    33
136 137   78    88
136 139   78    71
137 139   77    84
138 141   87    90
138 142  124   130
140 141   43    55
142 146   53    49
143 147   45    45
147 151   63    71
148 149   42    46
148 157  109   115
149 150   19    26
150 151   80    77
150 154   44    47
152 153  120   115
153 156  116   122
155 160   61    68
156 161   45    41
156 184   29    43
157 158   61    64
157 177  123   107
158 159   44    52
159 174   27    33
160 184   47    48
161 162   39    35
161 170   46    33
161 174  136   135
163 168   57    50
164 167   76    67
165 166   69    80
167 168  148   153
169 170  133   133
169 185   37    47
170 171   37    30
172 173   58    42
173 176   78    82
173 182   59    62
175 176   43    55
178 179   44    51
179 180   54    58
180 182  196   195
181 183  192   191

  1  26   55    50
  2  25   43    42
  3   4   76    62
  3  22   44    40
  3  24   57    70
  4  20   58    63
  5  19  121   118
  6  18   85    89
  7 193   77    80
  8  15   81    77
  8 194   80    79
  9  10   28    27
  9 196   45    45
 10  45   22    28
 10 196   57    47
 11  12   28    43
 12 195   42    45
 13  40   55    53
 14  39   77    70
 15  16  105   106
 17  18   49    48
 17 193   90    93
 19  21   44    54
 20  22   32    43
 21  34   81    73
 23  24   56    46
 23  33   76    80
 24  33   59    65
 25  31  117   124
 28  29   58    50
 28  30   93   102
 29  30   95   100
 30  31   45    40
 30  60   62    72
 30  61   47    45
 32  59   33    48
 34 192   47    42
 37  38   44    47
 40  41   45    45
 42  43   38    37
 44  45   25    30
 44  49   79    72
 46  48   91    98
 47  51  118   110
 47  87  105    99
 49  50   58    48
 52  53  101    96
 52  55   53    47
 53  56   41    46
 55  83   16    23
 56  57   41    36
 56  81   89    89
 57  70   67    64
 60  66   57    58
 61  62  105    92
 62  63   62    61
 63  74  124   117
 65  66   42    47
 69  79   73    69
 70  80   45    45
 71  72   42    44
 71 102   98    87
 72  73   36    37
 73  74   39    33
 74 100   45    47
 75 189   60    52
 76  77   75    86
 78  79   39    43
 79 110  197   198
 80 190   39    46
 81  82   52    55
 82  91  170   168
 82  92   99    99
 82 190   81    76
 88 118  140   131
 89  90   56    43
 90  91   49    58
 93 115  141   147
 94  95   90    79
 94 114  111   113
 95  96   44    53
 95 112  129   118
 96 190   84    89
 99 106   33    36
101 130  168   176
102 103   48    55
104 105   88    81
104 129  121   126
105 127  138   142
106 127  143   142
107 126  137   140
107 188   32    43
112 113   51    52
113 114   80    70
113 120   95    96
116 117   36    47
120 164   62    59
121 122   55    57
122 153   82    82
123 124   54    56
123 145  106   106
124 186   57    56
126 127   83    88
128 135  133   126
128 137   61    54
129 135   95    88
130 132  110   114
133 135   73    73
133 187   79    90
134 136   92    85
137 138   38    40
139 140   38    38
140 148   93    94
141 142   67    76
142 143   42    45
143 144   94    94
144 145   91    84
144 152   76    79
146 147   76    78
146 149   55    62
151 155   58    54
151 184   85    84
152 156   69    73
154 155   67    65
154 158   92    91
159 160   76    64
159 175   87    95
162 163  125   134
162 168  107   119
163 164  135   134
164 165   69    68
166 167   98    98
168 169   55    61
173 174   25    22
175 177  107    93
176 179  129   131
177 178  102    93
180 181   73    71
182 183   59    62
194 195   76    70