196 228 88
  1   2  240   352
  1  26   60   103
  2   3  236   281
  3   4  161   132
  3  22   42   100
  3  24  239    72
  4   5  377   456
  4  20  311   154
  5  19  489    74
  6  18  316   451
  7   8  269   303
  7  15  301   358
  8  15  161     2
  9  10   64    82
  9 196  156     7
 10  11   73   374
 10  45   30   415
 10 196    4    31
 11  43  194    35
 12 194   97   472
 13  40  491   374
 14  39  239   302
 14 194  456    13
 16  17  483   251
 16 191  316   444
 17  35   93    95
 17 193   37   215
 18  19  447   207
 18  35  405   151
 19 192  478     6
 20  21  341    35
 21  23   63   422
 21  34  432   381
 22  23  448    77
 23  33  192   262
 24  25  293   232
 24  33  345   403
 25  26  100   473
 25  31  357   406
 26  27  445   272
 27  28  491   112
 28  29  458   101
 28  30  387   315
 29  30  357   267
 29  62   62   414
 30  31  440   130
 30  61  132    22
 31  32  342   318
 32  33   36    39
 32  59  128   318
 34  36   77   466
 35 192  384   455
 37  54  341    57
 38  39  445   443
 40  41  226   172
 41  42  374   408
 41  50  414   171
 42  43  163   101
 42  44  205   384
 43  45  209   112
 44  45  285   298
 44  46  153   392
 46  48  469   162
 46 196  467   238
 47  48  362   294
 47  51  123   313
 47  87  349   326
 48  49  287   101
 49  50  226   191
 50  52  414   406
 51  52  397   292
 53  54   47   305
 55  56  308   431
 56  57  215   241
 56  81  310    80
 57  58  478   497
 57  70   49   302
 59  60  436   207
 60  66  228     9
 61  62  139   193
 62  63  460   143
 63  64  498   441
 63  74  438     4
 64  65  313   487
 65  66  347   418
 66  67  302   283
 66  76  204    56
 67  68   19   228
 69  70  117    36
 71  72  190    14
 72  73  156    17
 72 103  370   238
 73  74  459    95
 74  75   83    48
 74 100  111   448
 75  76  384   112
 75 189  295   116
 76  99  330   462
 77  78  185   148
 77  98  133   483
 78  79  440   218
 79  80  319   445
 79 110  224   192
 81  82  155   484
 81 190  189   116
 82  83   42   426
 82  92   78   111
 82 190  296   349
 83  84   46   374
 84  85  378    41
 85  86  457   302
 88  89  350    94
 89  90  366    40
 89 117  299   194
 91  92  247   452
 92  95   72   353
 93 115  194   478
 94  95   87    73
 94 114   59   199
 96 110  120     9
 97  98  150   244
 97 109  223   152
 98 188  421   117
 99 106  149   252
101 102   71    26
101 130  421   287
102 129  314   124
103 104  309   361
104 105  136    28
104 129  381   468
105 127  192   297
105 128  248   183
106 127  399   167
106 188  223   456
107 108   65    28
107 126  272    30
108 110  243   447
108 125  246   172
110 111  357     4
110 124   31   156
111 112  311   121
111 113    9    46
111 124  355   407
112 113  178   419
113 114  400   470
113 120  393   142
113 122   97   459
115 116  449   229
115 119  197   153
116 117  193   304
116 119  125   461
117 118  205   336
120 121   53   406
120 164  375   341
121 122  443   151
121 163  136   275
122 153  235   475
123 124   85   368
123 145  240   145
124 186   24   126
125 145  244   194
125 186   73    81
127 143  178   191
128 135  418   232
128 137   64   100
129 135  235    35
129 187  472   286
130 131  139   426
130 132   83   472
132 133  469   336
133 134  256   489
133 135  226   364
133 187  155    16
134 136   15     3
135 136  461   287
136 137   73   187
136 139  447   282
137 138  352   104
137 139  245   383
138 141  117   408
138 142   52   356
139 140   50    89
140 141  162   330
141 142  422   470
143 144  364    36
143 147   59   489
144 145  345   302
144 152  359   315
146 147  481   335
147 151  364   283
148 149  496   373
148 157   94     3
149 150   46    73
150 151  292   130
151 155  237   458
152 153  321   453
152 156  497   172
153 156  425   340
154 155  255   415
154 158  249   388
157 158  363   394
157 177  163   299
158 159  382   123
159 174   26   113
159 175  326   275
160 184  272   469
161 162  443   128
161 174  258    98
162 168  233   350
163 164  167   329
165 166  161   367
166 167  211   212
167 168  430   160
169 170  259    21
169 185  146   393
170 171  183   244
172 173  201   284
173 174  217    96
173 176  435    71
173 182  170   413
175 176  275   185
176 179   19    63
177 178  436   366
180 181  408   318
180 182  143   304
181 183  341    24
182 183   96   355
194 195  221   264

  2  25  490    31
  5   6  478   324
  6 193   19   412
  7 193  421   496
  8 194  390   129
  9 195  105    18
 11  12  305    88
 12  13  434   243
 12  41  380   451
 12 195  394    35
 13  14  227   161
 13 194   62   135
 14  15  288   337
 15  16   65   328
 17  18   79   100
 19  21  343   168
 20  22  109   169
 23  24  125   207
 26  30  461   394
 29  71  131   434
 30  60  200    78
 34  58  452   178
 34 192  187   160
 37  38  349    72
 38  50  376   150
 38  53  404   123
 39  40  122    53
 44  49  212   314
 51  84   43   472
 52  53    9   155
 52  55    6    47
 53  56  478   423
 54  57  255   335
 55  83  177    10
 58  68   13     8
 60  67  297    54
 61  65  198   499
 64 189  100   250
 67  78  192   302
 68  69   83   191
 69  79  310   158
 70  80  275   134
 71 102  404   481
 73 104  405   359
 76  77  300    32
 78  97  299   374
 80  81  383   478
 80 190  246    66
 82  91  310    29
 85  87   35   341
 87  90  337    69
 88 118  202   170
 90  91  393    31
 91  93   59   478
 93  94  475    74
 95  96   19   474
 95 112  316   462
 96 190   12    54
 99 100  296   168
100 105  452   205
102 103  494   287
105 106  390   421
107 188  248   373
114 115  455   224
122 123  448   364
125 126  298   102
126 127   96   276
126 144  453   299
130 187   29   341
140 148  229    35
142 143  164   277
142 146  122   358
146 149  489    83
150 154  142   256
151 184   61    34
155 160  492    53
156 161   95    25
156 184  205   427
159 160  396   371
161 170  402   268
162 163  146   426
163 168  369   130
164 165  151    44
164 167  478    16
168 169  485    57
175 177  494   338
178 179  498   205
179 180  153    89
