50 74 110
  1   2    2     6
  1  10    1     2
  2   3    3     3
  2  10    3     3
  3   4    5     1
  3  10    8     7
  4   5    1     2
  4   7    4     6
  4   9    4     5
  5   6    2     1
  6   7    8     6
  7   8    7     6
  8   9    1     3
  9  10    1     2
 11  12    5     5
 11  14   10    11
 11  15    4     6
 12  13    3     4
 13  15    2     3
 13  16    9     6
 14  15    1     1
 14  17    5     4
 15  16    4     7
 16  17    2     4
 17  18    1     3
 17  19    6     3
 20  21    7     8
 20  26    6     7
 20  27    2     3
 21  22    4     5
 21  25   10    10
 21  26    5     2
 22  23    1     1
 22  25    6     7
 23  24    6     4
 23  25    3     3
 24  25    3     1
 25  26    3     5
 26  27    2     2
 28  29    3     2
 28  31    6    10
 28  32    5     4
 28  35    4     3
 29  30    6     2
 30  31    1     3
 31  32    5     2
 31  33   11     8
 32  33    1     2
 32  34   10     5
 32  35    4     2
 33  34    4     4
 34  35    2     2
 36  37    3     5
 36  39   11    14
 36  40    1     3
 37  38    1     6
 37  39    7     8
 38  39    6     5
 39  41    4     9
 40  41    3     7
 42  43    5     5
 42  45    2     5
 43  44    6     7
 43  45    4     4
 43  46    9     8
 45  46    1     3
 45  47    3     1
 45  48    3     4
 45  50    9     5
 46  48    5     7
 47  50    1     1
 48  49    7     3
 48  50    8     7
 49  50    5     1

  7  11   11    15
  7  14   16    15
  7  18   14    18
  7  20   25    24
  7  31   16    18
  7  33   24    24
  7  39   32    28
  7  42   34    35
  7  43   37    36
  7  45   36    40
  7  47   34    36
  8  11   12    10
  8  14   15    13
  8  18   11    13
  8  20   20    19
  8  30   13    12
  8  31   12    12
  8  33   21    20
  8  39   26    26
  8  42   33    33
  8  43   30    32
  8  44   33    38
  8  45   30    34
  8  47   34    29
  9  14   16    16
  9  18   14    17
  9  20   23    19
  9  29    4     2
  9  31   11    12
  9  39   23    23
  9  42   32    32
  9  43   33    32
  9  44   36    33
  9  45   32    33
  9  47   31    31
 10  28    3     1
 11  29   26    26
 11  31   17    19
 11  33   23    25
 11  34   29    34
 11  39   29    28
 14  18    1     3
 14  31    7    12
 14  33   18    16
 18  19    6     4
 18  21    1     1
 18  31    7    10
 18  33   13    15
 18  34   16    16
 18  39   16    19
 19  21    9    10
 19  23   13    16
 20  31   18    16
 20  33    8    12
 20  34   15    13
 20  39    9    10
 25  33   23    24
 25  34   20    20
 25  39   19    20
 25  42   11    11
 25  43   13    11
 25  44    7    10
 25  45   16    15
 25  47   13    11
 26  33   15    19
 26  34   19    17
 26  39   15    14
 26  42    7     5
 26  43    8     4
 26  44    9    10
 26  45    6     8
 26  47    7    10
 27  34   15    12
 27  39   12    13
 27  42    9     6
 27  43    8    11
 27  44   14    14
 27  45   11    10
 27  47    7     7
 28  37   10     9
 31  39   17    17
 31  42   22    22
 31  43   28    27
 31  44   32    27
 31  45   29    29
 31  47   24    25
 33  39   12    14
 33  42   20    16
 33  43   20    19
 33  44   22    24
 33  45   22    23
 33  47   17    21
 34  38    8    10
 34  39    5     3
 34  42   16    17
 34  43   19    17
 34  44   24    23
 34  45   18    19
 34  47   17    16
 35  37    6     3
 39  42   13    16
 39  43   19    17
 39  44   19    19
 39  45   15    16
 39  47   16    17
 41  47   14    14
 41  50   11    13
 42  47    5     2
 44  46    8     8
 44  47   16    14
