980 1308 436
   1    2       54       54
   3    4       17       17
   3    5       15       15
   3    6       26       26
   7    8       46       46
   7    9       34       34
  10   11       32       32
  10   12       18       18
  10   13       14       14
  10   14        6        6
  10   15       19       19
  16   17       31       31
  16   18       23       23
  16   19       34       34
  20   21       24       24
  20   22       12       12
  20   23       27       27
  20   24       48       48
  25   26       49       49
  25   27       45       45
  25   28       47       47
  29   30       39       39
  29   31       39       39
  29   32       37       37
  33   34       31       31
  33   35       15       15
  33   36       25       25
  37   38       22       22
  37   39       29       29
  37   40       19       19
  37   41       21       21
  37   42       24       24
  43   44       34       34
  43   45       22       22
  19   43       29       29
  43   46       29       29
  47   48       47       47
  47   49       30       30
  50   51       24       24
  50   52       33       33
  53   54       33       33
  55   56        6        6
  57   58       35       35
  57   59       21       21
  57   60       35       35
  61   62       19       19
  61   63       23       23
  61   64       16       16
  65   66       21       21
  65   67       22       22
  65   68       10       10
  69   70       15       15
  71   72       34       34
  71   73       33       33
  71   74       43       43
  75   76       21       21
  75   77       16       16
  75   78       30       30
  79   80       25       25
  79   81       37       37
  79   82       37       37
  83   84       26       26
  83   85        9        9
  86   87       39       39
  86   88       18       18
  86   89       36       36
  86   90       20       20
  72   91       25       25
  72   74       29       29
  92   93       37       37
  94   95       37       37
  94   96       14       14
  94   97       43       43
  98   99       16       16
 100  101       33       33
 100  102       18       18
  66  103       29       29
 103  104        9        9
 103  105        4        4
 106  107       29       29
 106  108       32       32
 106  109       45       45
 110  111       22       22
 112  113       25       25
 112  114        9        9
 112  115       12       12
 116  117       30       30
 102  116       13       13
 118  119       15       15
 118  120       35       35
 118  121       33       33
 118  122       19       19
 123  124       22       22
 123  125       24       24
 123  126       35       35
 127  128       19       19
 127  129       38       38
 130  131       37       37
 130  132       18       18
 133  134       59       59
 133  135       14       14
 133  136       39       39
 133  137       43       43
 138  139       27       27
 138  140       27       27
 138  141       21       21
 142  143       32       32
 142  144       13       13
 142  145       35       35
 146  147       21       21
 134  148       47       47
 149  150       26       26
 149  151       23       23
 149  152       23       23
 149  153       22       22
 154  155       32       32
 154  156       17       17
 154  157       40       40
 158  159       20       20
 148  158       18       18
 158  160       28       28
 161  162       35       35
 163  164       21       21
 126  163       21       21
 165  166       24       24
 167  168       43       43
 167  169       10       10
 170  171       41       41
 170  172       18       18
 173  174       32       32
 173  175       15       15
 173  176       28       28
 173  177       34       34
 178  179       30       30
 178  180       45       45
 178  181       16       16
 182  183       28       28
 182  184       31       31
 185  186       19       19
 185  187       70       70
 185  188       22       22
 185  189       29       29
 190  191       32       32
 190  192        9        9
 190  193       30       30
 194  195        6        6
 194  196       15       15
 143  197       12       12
 143  198       18       18
 143  199       24       24
 191  200       15       15
 200  201        4        4
 200  202       16       16
 203  204       22       22
 205  206       30       30
 205  207       29       29
 107  208       28       28
 208  209       26       26
 208  210       14       14
 211  212       50       50
 211  213       31       31
 211  214       44       44
 215  216       33       33
 217  218       34       34
 219  220       27       27
 219  221       36       36
 195  222       21       21
 195  196       16       16
 195  223       25       25
 224  225       48       48
 224  226       17       17
 147  227       43       43
 147  228       35       35
 147  229       30       30
 147  230       37       37
 231  232       29       29
 231  233       29       29
 231  234       17       17
  30  235        4        4
  30   31        3        3
 236  237       24       24
 236  238       23       23
 239  240       24       24
 239  241       29       29
 242  243       24       24
 242  244        8        8
 245  246       41       41
 245  247       42       42
 131  245       41       41
 225  226       32       32
 248  249       50       50
  93  248       33       33
 248  250       45       45
 251  252       43       43
 251  253       36       36
 251  254       38       38
  95  255       10       10
 255  256       14       14
 257  258       23       23
 257  259        4        4
 260  261       17       17
 260  262       22       22
 260  263       30       30
  34   35       21       21
  34  264       27       27
  34  265       21       21
  34  266       41       41
 267  268       29       29
 267  269       45       45
 267  270       16       16
 271  272       31       31
 271  273       25       25
 271  274       30       30
 271  275        6        6
 276  277       15       15
 276  278       16       16
 276  279       34       34
   8  140       27       27
   8  280       31       31
 281  282       50       50
 281  283       13       13
 281  284       17       17
 281  285       33       33
 286  287       29       29
 286  288       18       18
 289  290       22       22
 289  291        2        2
 289  292       26       26
 289  293       26       26
 294  295       30       30
 294  296       39       39
 294  297       20       20
 139  140        6        6
 298  299       17       17
 298  300        9        9
 277  278        9        9
  38   39       13       13
  38   40       30       30
 264  301       30       30
 301  302       31       31
 303  304       38       38
 303  305       27       27
 306  307       31       31
 306  308       20       20
 240  282       35       35
 240  309       31       31
 240  310       46       46
 311  312       48       48
 311  313       59       59
 314  315       29       29
  49  316       25       25
 317  318       30       30
 317  319        8        8
 317  320       11       11
 186  187       59       59
 186  321       24       24
 186  188       38       38
 186  189       32       32
 322  323       34       34
 322  324       24       24
 325  326       27       27
 325  327       28       28
 328  329       36       36
 328  330       19       19
 328  331       38       38
 328  332       16       16
 328  333       28       28
 334  335       43       43
 336  337       28       28
 336  338       44       44
 329  332       28       28
 339  340       20       20
 339  341       20       20
 339  342       10       10
 343  344       17       17
 343  345       33       33
 216  346       28       28
 216  263       29       29
 347  348       26       26
  87  349       39       39
  87  350       41       41
  87   90       22       22
 351  352       19       19
 353  354       36       36
  97  353       45       45
 353  355       49       49
 282  356       39       39
 282  357       51       51
 358  359       30       30
  84  360       20       20
 360  361       33       33
 360  362       14       14
 101  360       16       16
 360  363       35       35
 364  365       20       20
 364  366       28       28
 367  368       39       39
 367  369       19       19
 370  371       14       14
 345  370       30       30
 370  372       26       26
 135  136       31       31
 135  137       30       30
 373  374       32       32
 373  375       42       42
 373  376       19       19
 377  378       29       29
 377  379       17       17
 377  380       28       28
 381  382       23       23
 383  384       25       25
 383  385       21       21
 383  386       21       21
 387  388       39       39
 387  389       16       16
 387  390       39       39
 391  392       21       21
 391  393       35       35
 391  394       21       21
 395  396       16       16
 395  397       41       41
 395  398       16       16
 344  399       26       26
 399  400       14       14
 399  401       22       22
 107  402       43       43
 238  403       14       14
 235  404       30       30
 307  405        5        5
 406  407       26       26
 406  408       17       17
 409  410       27       27
 172  409       40       40
  54  411       42       42
 411  412       36       36
 369  411       42       42
  88  413       35       35
 243  414       32       32
 227  415       39       39
 415  416       29       29
 415  417       18       18
 187  418       66       66
 419  420       21       21
 419  421       16       16
 419  422       32       32
 423  424       35       35
 423  425       42       42
  48  331       23       23
  48  426       23       23
  48  427       43       43
 117  428       18       18
 227  429       31       31
 227  230       43       43
 430  431       26       26
 315  430       29       29
 430  432       26       26
  51  433       30       30
  51  269       40       40
  51  434       28       28
 435  436       28       28
 435  437       35       35
 192  438       39       39
 324  439       43       43
 439  440       34       34
 439  441       21       21
 442  443       34       34
 442  444       31       31
 445  446       20       20
 445  447       30       30
 349  448       22       22
  90  349       25       25
 449  450       21       21
 449  451       37       37
 156  452       22       22
 157  452       21       21
 308  405       19       19
 453  454       35       35
 453  455       20       20
 453  456       38       38
 453  457       25       25
 458  459       25       25
 460  461       41       41
 350  460       18       18
 122  460       36       36
 462  463       35       35
 462  464       39       39
  41  465       34       34
 156  465       36       36
 466  467       43       43
 468  469       18       18
 468  470       27       27
 468  471       66       66
 472  473       17       17
 472  474       27       27
 326  352       39       39
 352  475       26       26
 476  477       22       22
 476  478       19       19
 410  479       26       26
 479  480       45       45
 479  481       45       45
  66  461       38       38
  66  105       30       30
  66   68       30       30
 482  483       34       34
 482  484       33       33
 483  485        7        7
  54  485       21       21
 256  485       38       38
 272  275       35       35
 272  486       23       23
 145  424       27       27
 424  487       52       52
  80  488       23       23
 488  489        6        6
  82  488       32       32
 488  490        6        6
 491  492       28       28
 491  493       17       17
 491  494       29       29
 491  495       23       23
 148  159       29       29
 159  160       17       17
 496  497       48       48
 434  496       43       43
 155  498       45       45
  41  155       43       43
 326  475       14       14
 499  500       12       12
 437  499       29       29
 501  502       32       32
 501  503       11       11
 504  505       35       35
 312  506       34       34
 506  507       33       33
  52  506       14       14
 508  509       33       33
 510  511        3        3
 510  512       14       14
 510  513       24       24
 514  515       21       21
 179  514       28       28
 180  514       30       30
 516  517       24       24
 516  518       22       22
 516  519       23       23
  76  249       12       12
  78  249       21       21
 249  520       20       20
 521  522       24       24
 521  523       18       18
 521  524        2        2
 525  526       43       43
 470  525       43       43
 420  421       18       18
 420  527       15       15
 528  529       30       30
 528  530        4        4
 528  531       10       10
 113  114       21       21
 113  115       24       24
 183  532       24       24
 183  244       20       20
 183  533       13       13
 534  535       30       30
 534  536       29       29
 537  538       23       23
 537  539       25       25
 310  356       47       47
 323  540       38       38
 162  323       17       17
 541  542       14       14
 543  544        3        3
 545  546       27       27
 545  547       47       47
 379  545       36       36
 548  549       36       36
 548  550       21       21
 548  551       38       38
 313  548       30       30
 330  332       16       16
 330  552       26       26
 330  333       20       20
 338  553        7        7
 554  555       40       40
 448  556        5        5
 557  558       18       18
 557  559       23       23
 560  561       24       24
 560  562       21       21
 560  563       12       12
 560  564       16       16
 268  340       29       29
 268  341       29       29
 565  566       16       16
 565  567       22       22
   4  568       34       34
   5  568       47       47
 569  570       28       28
 571  572       30       30
 153  571       33       33
  89  573       30       30
 440  573       24       24
 573  574       29       29
 396  398       17       17
 396  474       23       23
 575  576       11       11
 302  575        4        4
 577  578       31       31
 577  579        9        9
 197  580       31       31
 206  581       30       30
 206  207        9        9
 558  582       20       20
 583  584       22       22
 583  585       19       19
 583  586       43       43
 583  587       22       22
 588  589       34       34
 588  590       19       19
 588  591       26       26
  58  346       23       23
  58  241       23       23
 592  593       14       14
 128  594        9        9
 160  594       30       30
  35  266       49       49
 433  595       40       40
 433  596       39       39
 433  434       43       43
  28  433       13       13
 597  598       15       15
 597  599       23       23
 436  500       12       12
 436  437       19       19
 600  601       28       28
 600  602       17       17
 600  603       27       27
 604  605       38       38
 604  606       18       18
 559  604       31       31
 598  607       25       25
 598  608       17       17
 598  599       21       21
 237  429       18       18
 429  609       34       34
 610  611       24       24
  74  610       11       11
 610  612       36       36
 120  613       41       41
 495  613       43       43
 614  615       49       49
 344  400       29       29
 581  616       27       27
 207  581       22       22
 581  617       33       33
 331  427       42       42
 584  618       34       34
 586  618       17       17
 587  618       18       18
 174  486       29       29
 619  620       32       32
 619  621       16       16
 622  623        3        3
 622  624       29       29
 258  558        4        4
 258  259       20       20
 384  625       24       24
 384  385       12       12
 626  627       18       18
 590  626       29       29
 628  629       33       33
 628  630       10       10
 631  632       23       23
 633  634       28       28
 633  635       26       26
  22  633       28       28
 636  637       19       19
 636  638       13       13
 636  639       16       16
 640  641       13       13
 335  640       45       45
 640  642       15       15
 204  640       29       29
 561  643       13       13
 527  643        4        4
  77  644       14       14
 644  645       21       21
 641  646       28       28
 641  642        4        4
 641  647       25       25
 168  648       29       29
 137  168       26       26
 467  649       39       39
 649  650       34       34
 649  651       13       13
 253  652       39       39
 152  652       29       29
 652  653        5        5
 654  655       20       20
 144  561       39       39
 656  657       23       23
 656  658       35       35
 659  660       32       32
  70  659       23       23
 659  661       38       38
 659  662       20       20
  52  312       38       38
 212  214       27       27
 546  547       38       38
 629  630       33       33
 551  629       37       37
 629  663       18       18
  73  664       16       16
  73  665       24       24
 480  666       17       17
 616  667       21       21
 536  616       26       26
 246  668       10       10
 246  669       39       39
 184  532       23       23
 184  670       15       15
 184  671       12       12
 247  669        6        6
  93  523       45       45
  54  483       27       27
 256  483       39       39
 287  672       34       34
 566  673       37       37
 673  674       27       27
  11  520       32       32
  11  675       24       24
  11   15       21       21
 459  492       38       38
 366  676       27       27
 624  677       28       28
 447  677       14       14
 443  678        8        8
 678  679       30       30
 678  680       21       21
 681  682       21       21
 681  683       32       32
 621  684        4        4
 684  685       15       15
 684  686       26       26
 226  687       32       32
 666  688       15       15
 666  689       36       36
 481  666       14       14
 304  611       27       27
 690  691       19       19
 690  692       26       26
 511  512       16       16
 511  513       25       25
 693  694       40       40
 693  695       38       38
 693  696       43       43
   2  693       41       41
 107  209       33       33
 107  109       39       39
 529  697       20       20
 529  698       27       27
 699  700       28       28
 699  701       13       13
 702  703       13       13
 702  704       39       39
  44   45       37       37
  19   44       30       30
 705  706       33       33
 705  707       24       24
 407  708       30       30
 407  709       34       34
 407  710       29       29
 125  711       40       40
 266  711       37       37
 711  712       41       41
 507  584       23       23
 507  585       21       21
 299  713       11       11
 299  714       27       27
 299  300       13       13
 715  716       47       47
 589  717       30       30
 718  719       11       11
 533  718       52       52
 237  609       19       19
 716  720       55       55
 716  721       23       23
 535  722       16       16
 535  723       11       11
 300  713       14       14
 713  724       14       14
 725  726        8        8
 725  727       11       11
 725  728       41       41
 725  729       18       18
 196  222       16       16
 222  730       25       25
 222  223       25       25
 731  732       12       12
   4    5       12       12
 202  570       29       29
 570  733       18       18
  52  595       40       40
  56  734        7        7
 273  735       22       22
 274  735       32       32
 735  736       12       12
 737  738       42       42
 737  739       11       11
 737  740       27       27
 726  741       10       10
 742  743       22       22
 196  742       26       26
 730  742       31       31
  31  744       23       23
  80   81       32       32
  80  489       23       23
 745  746       10       10
 745  747       27       27
 400  748       18       18
 400  401       18       18
  12  706       41       41
 669  706       43       43
 544  749       18       18
 749  750       19       19
 749  751       23       23
 157  357       48       48
 752  753       25       25
 591  752       40       40
 752  754       33       33
 104  464       31       31
 382  755       10       10
 454  756        8        8
 454  757       18       18
 758  759       24       24
 463  758       29       29
 758  760       23       23
  74   91       32       32
  91  761       30       30
  91  762       11       11
 469  763       23       23
 469  526       14       14
 469  470       27       27
 469  764       29       29
 278  765       10       10
  85  473       31       31
 607  766       20       20
 444  607       35       35
 599  607       16       16
 767  768       30       30
 767  769       31       31
 634  635       10       10
 634  770       26       26
  84  771       10       10
  84  772       28       28
 773  774       56       56
 539  775       32       32
 775  776       28       28
 777  778       21       21
 667  777       17       17
 777  779       14       14
 108  780       40       40
 386  780       16       16
 780  781        7        7
 467  651       28       28
  81  450       33       33
 562  782       13       13
 783  784       30       30
 515  785       23       23
 785  786       18       18
 785  787       16       16
 788  789       21       21
 457  788       14       14
 788  790       24       24
 791  792       36       36
 660  717       43       43
 688  793       24       24
 688  794       28       28
 481  688       22       22
 341  795       24       24
  78  250       42       42
 566  796       28       28
 796  797       37       37
 798  799       33       33
 798  800       26       26
 798  801       23       23
 198  580       14       14
 198  199       17       17
 421  802       27       27
 542  766       25       25
 542  803       23       23
 542  804       10       10
 542  805       13       13
 332  806       24       24
 332  807       39       39
  89  808       18       18
  89  809       30       30
 450  810       16       16
 450  811        6        6
 682  683       16       16
 682  812       16       16
 566  813       31       31
 813  814       32       32
 128  815       31       31
 128  816       26       26
 440  817       16       16
 441  817       21       21
 729  741       26       26
 315  818       35       35
 637  638       12       12
 637  639       23       23
 769  819       40       40
 359  819       12       12
 362  771       20       20
 273  820       26       26
 820  821       24       24
 820  822        8        8
  14  668       19       19
 635  770       23       23
  54  256       38       38
 823  824       33       33
 823  825       12       12
 698  823       34       34
  70  826       17       17
  12   13        9        9
  12  827       16       16
  18   45       15       15
  19   45       13       13
  45   46       11       11
  59  691       18       18
  59  692       17       17
 646  647       27       27
 470  763       11       11
 828  829       34       34
 670  828       39       39
 144  145       25       25
 345  627       20       20
 830  831       25       25
 603  830        4        4
 830  832        9        9
 148  160       25       25
   6  732       23       23
 655  833       36       36
 834  835       41       41
 425  834       26       26
 538  539        3        3
 722  723        9        9
 685  722       25       25
  39  836       32       32
 285  836       36       36
 710  837       13       13
 615  838       15       15
 743  839       30       30
 162  540       35       35
 324  540       37       37
 540  750       37       37
 799  840       15       15
 800  840        9        9
 691  692        9        9
 273  841       25       25
 273  275       23       23
 273  736       16       16
 196  730       28       28
 371  372       28       28
 815  842       28       28
 694  843       41       41
 455  456       31       31
 455  457       13       13
  82  844        9        9
 845  846       16       16
 845  847       14       14
 845  848        8        8
 578  845       20       20
  21   22       35       35
 252  849       26       26
 512  513       34       34
 512  850       16       16
 261  262       28       28
 261  310       35       35
 261  851       11       11
 489  852       24       24
 853  854       20       20
 293  853       32       32
 418  515       25       25
 180  515       25       25
 283  284       13       13
 283  658       21       21
 431  432        9        9
 784  855       13       13
 720  721       46       46
 799  800        8        8
 572  856       25       25
 857  858       34       34
 857  859       27       27
 672  857       10       10
 857  860       22       22
 549  861       18       18
 313  549       19       19
 477  478       25       25
 477  862       18       18
 477  701       43       43
 493  494       26       26
 759  849       31       31
 254  849       26       26
 585  863       45       45
 253  864       36       36
 253  865       30       30
 253  866       30       30
 621  685       18       18
 621  686       29       29
 296  608       36       36
  17  867       11       11
  17  308       42       42
 340  341        7        7
 270  340       25       25
 340  342       17       17
 866  868       40       40
 727  764       26       26
 209  869       41       41
 209  210       34       34
 209  870       41       41
 264  746       21       21
 264  747        8        8
 264  265        9        9
 131  871       37       37
 736  871       27       27
 132  871       29       29
 632  872       21       21
 632  873       20       20
 759  760       12       12
 254  759       44       44
 397  751       32       32
 191  201       17       17
 191  202        3        3
 863  874       30       30
 517  875       20       20
 875  876       24       24
 877  878       13       13
 361  877        9        9
 363  877       10       10
 179  181       23       23
 879  880       45       45
 879  881       16       16
 210  879       33       33
 778  882       24       24
 882  883       13       13
 776  884       26       26
 884  885       19       19
 880  886       10       10
 880  881       32       32
 213  214       43       43
 201  202       17       17
 309  887       24       24
  27  595       40       40
  26   27       19       19
 318  768       20       20
 318  319       33       33
 318  320       30       30
 590  601       26       26
 878  888       21       21
 363  878       21       21
 889  890        3        3
 315  778       27       27
 778  883       28       28
 778  779       14       14
 427  891       32       32
 657  891       30       30
 145  487       46       46
  41  498       22       22
 498  740       30       30
 129  232       38       38
 129  233       47       47
 111  892       19       19
 153  892       39       39
 354  893       23       23
  97  354       21       21
 354  894       25       25
 895  896       35       35
  99  895       16       16
 655  897       21       21
 382  897       34       34
 898  899        9        9
 898  900        6        6
 658  887       17       17
  18   19       14       14
  39  814       39       39
  39   42       16       16
  13  675       24       24
  13   15       20       20
 437  500       19       19
 786  787       13       13
 432  786       22       22
 463  901       33       33
   6  902       26       26
 746  747       18       18
 746  903        7        7
 846  847       10       10
 398  846       32       32
 846  848       15       15
 579  846       37       37
 858  904       22       22
 858  860       24       24
 905  906       22       22
 708  905       26       26
 709  905       28       28
 428  907       28       28
 176  908       30       30
 908  909       41       41
 177  908       27       27
 308  867       32       32
 787  910       14       14
 432  787       11       11
 199  580       29       29
 580  911       25       25
 284  285       39       39
 284  658       15       15
 114  115       19       19
 586  587       23       23
 126  774        8        8
 847  848        8        8
 816  842       34       34
  95   96       24       24
  95  912       15       15
  95  913        3        3
  36  689       43       43
 262  851       23       23
 241  262       11       11
   9  914       22       22
 593  915       29       29
 522  612       22       22
 567  916       34       34
 293  916       35       35
 761  762       21       21
 675  761       37       37
 320  768       31       31
 244  719       59       59
 533  719       52       52
 230  917       19       19
 374  375       24       24
 374  376       36       36
 835  918       42       42
 389  835       42       42
  28  596       27       27
 151  152       27       27
 151  885       30       30
 789  843       38       38
 457  789       21       21
 789  790       31       31
 310  851       40       40
 919  920        7        7
 333  806       11       11
 801  921       43       43
 687  921       24       24
 921  922       13       13
 539  923       36       36
 305  924       30       30
 305  425       15       15
 305  925       33       33
  97  893        5        5
 893  926       34       34
 893  894       44       44
  76   77       34       34
  76   78       20       20
  76  520       21       21
 126  164       19       19
 193  695       28       28
 695  896       46       46
 171  412       30       30
 171  172       24       24
 171  509       17       17
 171  927       11       11
 505  648       19       19
 648  680       22       22
 625  808       18       18
 625  809       24       24
 451  928       38       38
 650  928       24       24
 870  928        8        8
 808  809       28       28
  22   23       33       33
  22   24       38       38
 291  292       27       27
 291  293       27       27
 744  929       38       38
 428  929       36       36
 102  929       29       29
 696  930       49       49
   2  696       16       16
  32  931       23       23
  32  932        9        9
  32  474       20       20
 933  934       34       34
 327  792       19       19
 404  792       26       26
 497  683       14       14
 497  812       10       10
  27  863       45       45
 906  935       36       36
 707  906       28       28
 661  662       27       27
 241  851       20       20
 218  936       31       31
 218  937       18       18
 218  938       10       10
 714  724       25       25
 394  714       27       27
 821  841        8        8
 821  822       18       18
 700  939       25       25
 180  418       33       33
 550  551       54       54
 313  550       47       47
 751  940       16       16
 645  941       13       13
 801  922       33       33
 157  942       25       25
 938  942       24       24
  62   63       26       26
 687  922       19       19
 936  937       21       21
 943  944       11       11
 934  943       21       21
 152  653       33       33
 753  754       11       11
 945  946        8        8
 909  945       21       21
 199  947        4        4
 911  947       17       17
 947  948        3        3
 188  321       17       17
 934  944       22       22
 881  886       37       37
 228  886       30       30
 623  827       20       20
 180  181       30       30
 824  825       44       44
 338  824       26       26
 949  950       47       47
 559  949       25       25
 739  740       36       36
 315  883       30       30
 388  925       31       31
 776  885       33       33
 552  606       39       39
 175  176       31       31
 175  385       30       30
 517  797       23       23
 736  841       26       26
 390  918       48       48
 487  918       45       45
  82  490       29       29
 232  295       32       32
 389  390       39       39
 292  293       13       13
 365  366       44       44
  67  461       37       37
  67   68       16       16
  67  122       32       32
 769  951       41       41
 951  952       14       14
 131  132       21       21
 748  862       24       24
 401  748       20       20
 664  953       12       12
 954  955       12       12
 876  954       10       10
 414  829       44       44
 369  412       28       28
 124  125       30       30
 124  126       17       17
 888  956       16       16
 888  957       13       13
 856  958       23       23
 670  671       15       15
 670  733       13       13
 505  680       28       28
 505  959       29       29
 960  961       64       64
 683  812        6        6
 136  137       41       41
 221  645       23       23
 698  825       43       43
 769  952       28       28
 221  831       31       31
 831  832       26       26
 456  757       28       28
 478  862       42       42
 207  779       26       26
 578  579       36       36
 770  935       34       34
 803  804       23       23
 803  805       11       11
 279  930       10       10
 279  962       40       40
 899  953       23       23
 401  862       11       11
 392  394        8        8
 876  955       19       19
 503  955       17       17
 665  900       18       18
 900  963        7        7
 563  564        5        5
 865  866       36       36
 576  793       25       25
 576  794       25       25
 342  861       21       21
 313  861       15       15
 265  747        6        6
 793  794        5        5
 296  444       38       38
 734  964       13       13
 734  939       31       31
 567  839       25       25
 665  924       21       21
 665  963       14       14
 736  965       30       30
 471  961       12       12
 802  961       59       59
 915  966       24       24
 712  966       19       19
 446  967        2        2
 378  968       11       11
 547  968       19       19
 708  709       21       21
 413  440       40       40
 440  574       12       12
 859  860       33       33
 790  843       48       48
 890  969       32       32
 890  970        3        3
  19   46       22       22
  46  703       17       17
 280  914       28       28
 663  915       40       40
 712  915       30       30
 280  756       35       35
  97  926       37       37
  97  894       44       44
 536  904       29       29
 617  904       19       19
 484  971       21       21
 441  574        4        4
 772  972        5        5
 650  869       27       27
 361  363        3        3
 319  320        5        5
 642  647       28       28
 204  642       32       32
 378  547       18       18
 169  547       48       48
 931  932       17       17
 474  931       28       28
 939  964       19       19
 166  382        4        4
 372  920       13       13
 876  973       12       12
 176  177        7        7
 811  909       19       19
 650  870       28       28
 101  362        3        3
 327  404       25       25
 679  680       29       29
 602  603       23       23
 639  974       25       25
 416  975       14       14
 417  975        8        8
 559  950       34       34
 555  950       54       54
 956  976       23       23
 957  976       11       11
 199  911       19       19
 911  948       19       19
 228  977        2        2
 229  977       11       11
 189  856       11       11
 638  639       25       25
 518  519       31       31
 401  978       22       22
 509  927        7        7
 228  394       19       19
 228  229       10       10
 270  342       26       26
 393  903       35       35
 802  948       36       36
 121  860       39       39
 233  234       14       14
 591  717       22       22
  15  675        9        9
 229  394       15       15
 603  832       10       10
 956  957       15       15
 536  617       18       18
 756  757       25       25
 530  697       32       32
 530  531        8        8
 141  457       28       28
 348  826       11       11
 422  802       25       25
 223  380       17       17
 901  979       21       21
 256  913       15       15
 913  980       20       20
 137  169       38       38
 256  980       16       16
 697  698       24       24
 296  297       31       31
 671  733       16       16

   1  631       52       52
   1  930       53       53
   2  694       23       23
   3  902       40       40
   4  783       44       44
   4  902       56       56
   5  902       46       46
   7  280       45       45
   9  280       15       15
  13  827       14       14
  16  867       38       38
  18   46       17       17
  21   23       16       16
  22  161       46       46
  23  791       35       35
  24  161       17       17
  25  596       21       21
  26  874       27       27
  27  874       32       32
  30  792       25       25
  31  235        6        6
  35   36       38       38
  38   42       23       23
  40  797       16       16
  41   42       25       25
  43  435       31       31
  47  674       39       39
  50  433       12       12
  53  368       16       16
  55  734       12       12
  57  346       22       22
  58   59       26       26
  60  215       10       10
  61  250       43       43
  62   64        7        7
  62  220       60       60
  62  250       57       57
  63   64       20       20
  69  348       10       10
  69  826        3        3
  70  348       23       23
  70  662       19       19
  72  762       32       32
  75  644       21       21
  81  811       36       36
  83  374       29       29
  84   85       28       28
  88   90       37       37
  92  523       35       35
  92  704       17       17
  94  893       38       38
  94  926       44       44
  95  980       22       22
  96  912       10       10
  97  355        9        9
  98  896       15       15
  99  896       22       22
 100  116        8        8
 106  402       16       16
 107  459       40       40
 108  402       19       19
 109  459       42       42
 110  364       38       38
 110  892       32       32
 111  572       38       38
 113  388       37       37
 117  907       42       42
 119  120       21       21
 119  122       26       26
 120  605       25       25
 121  859       37       37
 124  774       16       16
 125  592       30       30
 127  594       18       18
 129  231       41       41
 130  946        3        3
 132  946       17       17
 134  158       59       59
 137  167       36       36
 141  453       17       17
 146  880       24       24
 146  886       17       17
 150  153       20       20
 150  571       25       25
 150  865       33       33
 151  676       32       32
 154  452       26       26
 163  978       22       22
 164  774       20       20
 165  755       15       15
 165  869       69       69
 166  381       21       21
 166  755       11       11
 168  505       22       22
 169  721       49       49
 170  409       36       36
 172  412       31       31
 174  272       39       39
 178  868       53       53
 179  180       26       26
 182  532       15       15
 183  829       21       21
 185  321        6        6
 192  193       35       35
 194  222       25       25
 194  743       21       21
 195  380       26       26
 196  743       22       22
 197  198       22       22
 203  334       26       26
 204  334       38       38
 204  960      106      106
 204  969       88       88
 205  581       31       31
 206  779       25       25
 211  584       35       35
 212  213       30       30
 213  584       36       36
 217  737       37       37
 217  738       13       13
 217  739       36       36
 219  636       33       33
 220  250       63       63
 220  645       25       25
 221  941       18       18
 224  687       46       46
 225  454       38       38
 225  687       36       36
 225  914       43       43
 229  392       13       13
 235  792       23       23
 236  403       11       11
 236  609        6        6
 236  943       33       33
 238  943       47       47
 239  309       11       11
 242  829       16       16
 244  533       20       20
 244  718       63       63
 244  829       14       14
 245  669       40       40
 247  965       35       35
 252  254       45       45
 255  913        9        9
 260  851       23       23
 262  263       27       27
 267  340       28       28
 269  434       44       44
 274  275       25       25
 274  486       35       35
 276  790       31       31
 276  962       14       14
 277  962       12       12
 278  962        4        4
 281  658       31       31
 283  887       22       22
 286  617       44       44
 287  288       27       27
 288  979       33       33
 290  853       21       21
 290  854        4        4
 291  968       30       30
 295  297       18       18
 298  833       18       18
 299  724       23       23
 300  833       26       26
 303  388       39       39
 304  610       33       33
 306  405       27       27
 306  754       46       46
 309  690       25       25
 311  336       40       40
 314  430        5        5
 316  554       51       51
 316  730        4        4
 318  767       19       19
 322  540       50       50
 325  475       26       26
 327  791       30       30
 328  806       19       19
 329  416       30       30
 329  807       41       41
 330  806       10       10
 331  426       38       38
 332  552       32       32
 335  646       35       35
 337  338       17       17
 339  549       28       28
 339  795       29       29
 341  342       21       21
 343  399       42       42
 350  461       33       33
 351  475       14       14
 352  525       42       42
 355  893       11       11
 355  926       30       30
 356  357       14       14
 358  631       58       58
 358  632       52       52
 358  819       22       22
 360  771       17       17
 363  956       13       13
 365  414       37       37
 366  537       25       25
 367  410       37       37
 368  794       37       37
 370  627       17       17
 370  919       25       25
 370  920       21       21
 371  627       26       26
 372  919        7        7
 375  614       26       26
 375  772       18       18
 375  972       21       21
 376  578       35       35
 377  546       23       23
 379  546       11       11
 383  780       34       34
 386  781       14       14
 390  834       38       38
 390  835        7        7
 390  925       38       38
 393  714       31       31
 394  977       18       18
 395  931       35       35
 396  472       31       31
 397  940       22       22
 399  748        6        6
 400  978       26       26
 403  934       20       20
 403  943       34       34
 406  710       15       15
 406  837        7        7
 408  708       21       21
 408  837       21       21
 413  573       34       34
 415  975       25       25
 416  417       19       19
 418  785       27       27
 420  422       21       21
 420  643       16       16
 421  422       17       17
 423  834       20       20
 424  835       40       40
 425  924       24       24
 426  427       29       29
 431  818       38       38
 431  910        6        6
 432  910        4        4
 436  499       13       13
 438  951       24       24
 438  952       25       25
 439  574       23       23
 442  679       12       12
 442  850       27       27
 444  850       27       27
 449  810       15       15
 455  788       24       24
 458  492       23       23
 458  493       24       24
 462  758       15       15
 462  760       36       36
 463  760       17       17
 463  979       39       39
 465  498       14       14
 465  740       17       17
 466  773       32       32
 466  852       60       60
 468  763       17       17
 470  526       27       27
 471  960       55       55
 473  847       29       29
 474  932       14       14
 476  862       31       31
 480  481       28       28
 480  689       27       27
 482  971       21       21
 483  484        6        6
 483  971       25       25
 490  852       14       14
 492  493       14       14
 494  495       40       40
 494  933       16       16
 496  812       52       52
 497  682       10       10
 501  955       16       16
 502  954       22       22
 502  955       24       24
 503  954       28       28
 504  648       17       17
 504  678       31       31
 506  585       35       35
 507  583        8        8
 518  796       41       41
 519  875       31       31
 522  524       23       23
 523  704       35       35
 526  764       22       22
 527  561       16       16
 531  697       27       27
 534  904       36       36
 537  676       10       10
 538  923       36       36
 541  804        8        8
 543  749       20       20
 543  750       17       17
 544  750       17       17
 551  663       20       20
 552  806       33       33
 552  807       35       35
 553  824       22       22
 554  950       37       37
 555  686       62       62
 556  809       18       18
 557  582        5        5
 557  949       13       13
 559  582       26       26
 559  606       30       30
 562  563       12       12
 562  564       12       12
 563  782       22       22
 564  782       20       20
 565  796       21       21
 568  720       41       41
 568  783       18       18
 568  784       28       28
 568  855       27       27
 569  671       21       21
 569  733       23       23
 571  958       19       19
 572  958       14       14
 574  817       20       20
 577  845       38       38
 578  848       27       27
 580  728       31       31
 582  949        9        9
 584  587       24       24
 585  595       38       38
 588  717        7        7
 589  660       18       18
 590  974       22       22
 592  712        8        8
 593  712        9        9
 593  966       11       11
 597  608       25       25
 599  766       11       11
 601  626       26       26
 601  974       12       12
 602  639       22       22
 603  831       28       28
 605  613       26       26
 611  612       20       20
 614  772       31       31
 614  972       28       28
 620  621       21       21
 620  684       18       18
 620  685        6        6
 622  827       20       20
 623  677        9        9
 624  967       34       34
 628  795       31       31
 630  795       26       26
 631  873        6        6
 640  646       17       17
 640  647       27       27
 642  960      108      108
 642  969       90       90
 644  941       26       26
 648  678       30       30
 650  651       46       46
 654  833       17       17
 656  891       11       11
 657  917       34       34
 664  899       26       26
 667  779       18       18
 672  859       30       30
 673  813       19       19
 674  813       38       38
 680  959       21       21
 685  686       30       30
 688  689       36       36
 692  917       40       40
 694  696        9        9
 699  939       39       39
 700  701       35       35
 700  964       24       24
 705  965       36       36
 706  707       47       47
 715  720       30       30
 715  721       51       51
 720  784       31       31
 725  741       17       17
 726  727       12       12
 726  729       23       23
 728  729       27       27
 731  902       56       56
 735  871       25       25
 738  739       38       38
 745  903        4        4
 749  940       38       38
 755  897       35       35
 760  901       37       37
 765  962        9        9
 773  852       74       74
 775  884        5        5
 777  882       23       23
 783  855       22       22
 798  840       24       24
 799  921       40       40
 804  805       16       16
 810  811       12       12
 810  909       12       12
 814  836       19       19
 815  816        8        8
 822  935       35       35
 828  923       24       24
 834  925       34       34
 838  872       43       43
 839  916       19       19
 841  965       13       13
 842  959       10       10
 844  941       34       34
 864  865       17       17
 864  866       26       26
 864  868       50       50
 872  873       27       27
 875  973       13       13
 877  972       37       37
 889  969       34       34
 933  944       34       34
 936  938       29       29
 936  942       27       27
 937  938       10       10
 937  942       16       16
 960  969      108      108
 969  970       32       32
